1001 1 2
1001 1 3
1001 1 4
1001 1 5
1001 2 3
1001 2 4
1001 2 5
1001 3 4
1001 3 5
1001 4 5
1002 1 2
1002 1 3
1002 1 4
1002 1 5
1002 2 3
1002 2 4
1002 2 5
1002 3 4
1002 3 5
1002 4 5
1007 1 2
1007 1 3
1007 1 4
1007 1 5
1007 2 3
1007 2 4
1007 2 5
1007 3 4
1007 3 5
1007 4 5
1008 1 2
1008 1 3
1008 1 4
1008 1 5
1008 2 3
1008 2 4
1008 2 5
1008 3 4
1008 3 5
1008 4 5
1011 1 2
1011 1 3
1011 1 4
1011 1 5
1011 2 3
1011 2 4
1011 2 5
1011 3 4
1011 3 5
1011 4 5
1013 1 2
1013 1 3
1013 1 4
1013 1 5
1013 2 3
1013 2 4
1013 2 5
1013 3 4
1013 3 5
1013 4 5
1014 1 2
1014 1 3
1014 1 4
1014 1 5
1014 2 3
1014 2 4
1014 2 5
1014 3 4
1014 3 5
1014 4 5
1019 1 2
1019 1 3
1019 1 4
1019 1 5
1019 2 3
1019 2 4
1019 2 5
1019 3 4
1019 3 5
1019 4 5
1021 1 2
1021 1 3
1021 1 4
1021 1 5
1021 2 3
1021 2 4
1021 2 5
1021 3 4
1021 3 5
1021 4 5
1022 1 2
1022 1 3
1022 1 4
1022 1 5
1022 2 3
1022 2 4
1022 2 5
1022 3 4
1022 3 5
1022 4 5
1025 1 2
1025 1 3
1025 1 4
1025 1 5
1025 2 3
1025 2 4
1025 2 5
1025 3 4
1025 3 5
1025 4 5
1027 1 2
1027 1 3
1027 1 4
1027 1 5
1027 2 3
1027 2 4
1027 2 5
1027 3 4
1027 3 5
1027 4 5
1028 1 2
1028 1 3
1028 1 4
1028 1 5
1028 2 3
1028 2 4
1028 2 5
1028 3 4
1028 3 5
1028 4 5
1029 1 2
1029 1 3
1029 1 4
1029 1 5
1029 2 3
1029 2 4
1029 2 5
1029 3 4
1029 3 5
1029 4 5
1030 1 2
1030 1 3
1030 1 4
1030 1 5
1030 2 3
1030 2 4
1030 2 5
1030 3 4
1030 3 5
1030 4 5
1032 1 2
1032 1 3
1032 1 4
1032 1 5
1032 2 3
1032 2 4
1032 2 5
1032 3 4
1032 3 5
1032 4 5
1033 1 2
1033 1 3
1033 1 4
1033 1 5
1033 2 3
1033 2 4
1033 2 5
1033 3 4
1033 3 5
1033 4 5
1035 1 2
1035 1 3
1035 1 4
1035 1 5
1035 2 3
1035 2 4
1035 2 5
1035 3 4
1035 3 5
1035 4 5
1036 1 2
1036 1 3
1036 1 4
1036 1 5
1036 2 3
1036 2 4
1036 2 5
1036 3 4
1036 3 5
1036 4 5
1039 1 2
1039 1 3
1039 1 4
1039 1 5
1039 2 3
1039 2 4
1039 2 5
1039 3 4
1039 3 5
1039 4 5
1040 1 2
1040 1 3
1040 1 4
1040 1 5
1040 2 3
1040 2 4
1040 2 5
1040 3 4
1040 3 5
1040 4 5
1041 1 2
1041 1 3
1041 1 4
1041 1 5
1041 2 3
1041 2 4
1041 2 5
1041 3 4
1041 3 5
1041 4 5
1042 1 2
1042 1 3
1042 1 4
1042 1 5
1042 2 3
1042 2 4
1042 2 5
1042 3 4
1042 3 5
1042 4 5
1043 1 2
1043 1 3
1043 1 4
1043 1 5
1043 2 3
1043 2 4
1043 2 5
1043 3 4
1043 3 5
1043 4 5
1044 1 2
1044 1 3
1044 1 4
1044 1 5
1044 2 3
1044 2 4
1044 2 5
1044 3 4
1044 3 5
1044 4 5
1045 1 2
1045 1 3
1045 1 4
1045 1 5
1045 2 3
1045 2 4
1045 2 5
1045 3 4
1045 3 5
1045 4 5
1047 1 2
1047 1 3
1047 1 4
1047 1 5
1047 2 3
1047 2 4
1047 2 5
1047 3 4
1047 3 5
1047 4 5
1049 1 2
1049 1 3
1049 1 4
1049 1 5
1049 2 3
1049 2 4
1049 2 5
1049 3 4
1049 3 5
1049 4 5
1050 1 2
1050 1 3
1050 1 4
1050 1 5
1050 2 3
1050 2 4
1050 2 5
1050 3 4
1050 3 5
1050 4 5
1052 1 2
1052 1 3
1052 1 4
1052 1 5
1052 2 3
1052 2 4
1052 2 5
1052 3 4
1052 3 5
1052 4 5
1053 1 2
1053 1 3
1053 1 4
1053 1 5
1053 2 3
1053 2 4
1053 2 5
1053 3 4
1053 3 5
1053 4 5
1055 1 2
1055 1 3
1055 1 4
1055 1 5
1055 2 3
1055 2 4
1055 2 5
1055 3 4
1055 3 5
1055 4 5
1056 1 2
1056 1 3
1056 1 4
1056 1 5
1056 2 3
1056 2 4
1056 2 5
1056 3 4
1056 3 5
1056 4 5
1059 1 2
1059 1 3
1059 1 4
1059 1 5
1059 2 3
1059 2 4
1059 2 5
1059 3 4
1059 3 5
1059 4 5
1060 1 2
1060 1 3
1060 1 4
1060 1 5
1060 2 3
1060 2 4
1060 2 5
1060 3 4
1060 3 5
1060 4 5
1063 1 2
1063 1 3
1063 1 4
1063 1 5
1063 2 3
1063 2 4
1063 2 5
1063 3 4
1063 3 5
1063 4 5
1064 1 2
1064 1 3
1064 1 4
1064 1 5
1064 2 3
1064 2 4
1064 2 5
1064 3 4
1064 3 5
1064 4 5
1065 1 2
1065 1 3
1065 1 4
1065 1 5
1065 2 3
1065 2 4
1065 2 5
1065 3 4
1065 3 5
1065 4 5
1066 1 2
1066 1 3
1066 1 4
1066 1 5
1066 2 3
1066 2 4
1066 2 5
1066 3 4
1066 3 5
1066 4 5
1067 1 2
1067 1 3
1067 1 4
1067 1 5
1067 2 3
1067 2 4
1067 2 5
1067 3 4
1067 3 5
1067 4 5
1068 1 2
1068 1 3
1068 1 4
1068 1 5
1068 2 3
1068 2 4
1068 2 5
1068 3 4
1068 3 5
1068 4 5
1069 1 2
1069 1 3
1069 1 4
1069 1 5
1069 2 3
1069 2 4
1069 2 5
1069 3 4
1069 3 5
1069 4 5
1070 1 2
1070 1 3
1070 1 4
1070 1 5
1070 2 3
1070 2 4
1070 2 5
1070 3 4
1070 3 5
1070 4 5
1071 1 2
1071 1 3
1071 1 4
1071 1 5
1071 2 3
1071 2 4
1071 2 5
1071 3 4
1071 3 5
1071 4 5
1072 1 2
1072 1 3
1072 1 4
1072 1 5
1072 2 3
1072 2 4
1072 2 5
1072 3 4
1072 3 5
1072 4 5
1073 1 2
1073 1 3
1073 1 4
1073 1 5
1073 2 3
1073 2 4
1073 2 5
1073 3 4
1073 3 5
1073 4 5
1074 1 2
1074 1 3
1074 1 4
1074 1 5
1074 2 3
1074 2 4
1074 2 5
1074 3 4
1074 3 5
1074 4 5
1075 1 2
1075 1 3
1075 1 4
1075 1 5
1075 2 3
1075 2 4
1075 2 5
1075 3 4
1075 3 5
1075 4 5
1076 1 2
1076 1 3
1076 1 4
1076 1 5
1076 2 3
1076 2 4
1076 2 5
1076 3 4
1076 3 5
1076 4 5
1078 1 2
1078 1 3
1078 1 4
1078 1 5
1078 2 3
1078 2 4
1078 2 5
1078 3 4
1078 3 5
1078 4 5
1079 1 2
1079 1 3
1079 1 4
1079 1 5
1079 2 3
1079 2 4
1079 2 5
1079 3 4
1079 3 5
1079 4 5
1080 1 2
1080 1 3
1080 1 4
1080 1 5
1080 2 3
1080 2 4
1080 2 5
1080 3 4
1080 3 5
1080 4 5
1081 1 2
1081 1 3
1081 1 4
1081 1 5
1081 2 3
1081 2 4
1081 2 5
1081 3 4
1081 3 5
1081 4 5
1082 1 2
1082 1 3
1082 1 4
1082 1 5
1082 2 3
1082 2 4
1082 2 5
1082 3 4
1082 3 5
1082 4 5
1083 1 2
1083 1 3
1083 1 4
1083 1 5
1083 2 3
1083 2 4
1083 2 5
1083 3 4
1083 3 5
1083 4 5
1084 1 2
1084 1 3
1084 1 4
1084 1 5
1084 2 3
1084 2 4
1084 2 5
1084 3 4
1084 3 5
1084 4 5
1085 1 2
1085 1 3
1085 1 4
1085 1 5
1085 2 3
1085 2 4
1085 2 5
1085 3 4
1085 3 5
1085 4 5
1086 1 2
1086 1 3
1086 1 4
1086 1 5
1086 2 3
1086 2 4
1086 2 5
1086 3 4
1086 3 5
1086 4 5
1087 1 2
1087 1 3
1087 1 4
1087 1 5
1087 2 3
1087 2 4
1087 2 5
1087 3 4
1087 3 5
1087 4 5
1088 1 2
1088 1 3
1088 1 4
1088 1 5
1088 2 3
1088 2 4
1088 2 5
1088 3 4
1088 3 5
1088 4 5
1089 1 2
1089 1 3
1089 1 4
1089 1 5
1089 2 3
1089 2 4
1089 2 5
1089 3 4
1089 3 5
1089 4 5
1090 1 2
1090 1 3
1090 1 4
1090 1 5
1090 2 3
1090 2 4
1090 2 5
1090 3 4
1090 3 5
1090 4 5
1092 1 2
1092 1 3
1092 1 4
1092 1 5
1092 2 3
1092 2 4
1092 2 5
1092 3 4
1092 3 5
1092 4 5
1093 1 2
1093 1 3
1093 1 4
1093 1 5
1093 2 3
1093 2 4
1093 2 5
1093 3 4
1093 3 5
1093 4 5
1094 1 2
1094 1 3
1094 1 4
1094 1 5
1094 2 3
1094 2 4
1094 2 5
1094 3 4
1094 3 5
1094 4 5
1095 1 2
1095 1 3
1095 1 4
1095 1 5
1095 2 3
1095 2 4
1095 2 5
1095 3 4
1095 3 5
1095 4 5
1096 1 2
1096 1 3
1096 1 4
1096 1 5
1096 2 3
1096 2 4
1096 2 5
1096 3 4
1096 3 5
1096 4 5
1097 1 2
1097 1 3
1097 1 4
1097 1 5
1097 2 3
1097 2 4
1097 2 5
1097 3 4
1097 3 5
1097 4 5
1098 1 2
1098 1 3
1098 1 4
1098 1 5
1098 2 3
1098 2 4
1098 2 5
1098 3 4
1098 3 5
1098 4 5
1100 1 2
1100 1 3
1100 1 4
1100 1 5
1100 2 3
1100 2 4
1100 2 5
1100 3 4
1100 3 5
1100 4 5
1101 1 2
1101 1 3
1101 1 4
1101 1 5
1101 2 3
1101 2 4
1101 2 5
1101 3 4
1101 3 5
1101 4 5
1102 1 2
1102 1 3
1102 1 4
1102 1 5
1102 2 3
1102 2 4
1102 2 5
1102 3 4
1102 3 5
1102 4 5
1103 1 2
1103 1 3
1103 1 4
1103 1 5
1103 2 3
1103 2 4
1103 2 5
1103 3 4
1103 3 5
1103 4 5
1104 1 2
1104 1 3
1104 1 4
1104 1 5
1104 2 3
1104 2 4
1104 2 5
1104 3 4
1104 3 5
1104 4 5
1105 1 2
1105 1 3
1105 1 4
1105 1 5
1105 2 3
1105 2 4
1105 2 5
1105 3 4
1105 3 5
1105 4 5
1106 1 2
1106 1 3
1106 1 4
1106 1 5
1106 2 3
1106 2 4
1106 2 5
1106 3 4
1106 3 5
1106 4 5
1107 1 2
1107 1 3
1107 1 4
1107 1 5
1107 2 3
1107 2 4
1107 2 5
1107 3 4
1107 3 5
1107 4 5
1108 1 2
1108 1 3
1108 1 4
1108 1 5
1108 2 3
1108 2 4
1108 2 5
1108 3 4
1108 3 5
1108 4 5
1109 1 2
1109 1 3
1109 1 4
1109 1 5
1109 2 3
1109 2 4
1109 2 5
1109 3 4
1109 3 5
1109 4 5
1110 1 2
1110 1 3
1110 1 4
1110 1 5
1110 2 3
1110 2 4
1110 2 5
1110 3 4
1110 3 5
1110 4 5
1111 1 2
1111 1 3
1111 1 4
1111 1 5
1111 2 3
1111 2 4
1111 2 5
1111 3 4
1111 3 5
1111 4 5
1112 1 2
1112 1 3
1112 1 4
1112 1 5
1112 2 3
1112 2 4
1112 2 5
1112 3 4
1112 3 5
1112 4 5
1113 1 2
1113 1 3
1113 1 4
1113 1 5
1113 2 3
1113 2 4
1113 2 5
1113 3 4
1113 3 5
1113 4 5
1114 1 2
1114 1 3
1114 1 4
1114 1 5
1114 2 3
1114 2 4
1114 2 5
1114 3 4
1114 3 5
1114 4 5
1115 1 2
1115 1 3
1115 1 4
1115 1 5
1115 2 3
1115 2 4
1115 2 5
1115 3 4
1115 3 5
1115 4 5
1116 1 2
1116 1 3
1116 1 4
1116 1 5
1116 2 3
1116 2 4
1116 2 5
1116 3 4
1116 3 5
1116 4 5
1117 1 2
1117 1 3
1117 1 4
1117 1 5
1117 2 3
1117 2 4
1117 2 5
1117 3 4
1117 3 5
1117 4 5
1118 1 2
1118 1 3
1118 1 4
1118 1 5
1118 2 3
1118 2 4
1118 2 5
1118 3 4
1118 3 5
1118 4 5
1119 1 2
1119 1 3
1119 1 4
1119 1 5
1119 2 3
1119 2 4
1119 2 5
1119 3 4
1119 3 5
1119 4 5
1120 1 2
1120 1 3
1120 1 4
1120 1 5
1120 2 3
1120 2 4
1120 2 5
1120 3 4
1120 3 5
1120 4 5
1121 1 2
1121 1 3
1121 1 4
1121 1 5
1121 2 3
1121 2 4
1121 2 5
1121 3 4
1121 3 5
1121 4 5
1122 1 2
1122 1 3
1122 1 4
1122 1 5
1122 2 3
1122 2 4
1122 2 5
1122 3 4
1122 3 5
1122 4 5
1123 1 2
1123 1 3
1123 1 4
1123 1 5
1123 2 3
1123 2 4
1123 2 5
1123 3 4
1123 3 5
1123 4 5
1124 1 2
1124 1 3
1124 1 4
1124 1 5
1124 2 3
1124 2 4
1124 2 5
1124 3 4
1124 3 5
1124 4 5
1125 1 2
1125 1 3
1125 1 4
1125 1 5
1125 2 3
1125 2 4
1125 2 5
1125 3 4
1125 3 5
1125 4 5
1126 1 2
1126 1 3
1126 1 4
1126 1 5
1126 2 3
1126 2 4
1126 2 5
1126 3 4
1126 3 5
1126 4 5
1127 1 2
1127 1 3
1127 1 4
1127 1 5
1127 2 3
1127 2 4
1127 2 5
1127 3 4
1127 3 5
1127 4 5
1128 1 2
1128 1 3
1128 1 4
1128 1 5
1128 2 3
1128 2 4
1128 2 5
1128 3 4
1128 3 5
1128 4 5
1129 1 2
1129 1 3
1129 1 4
1129 1 5
1129 2 3
1129 2 4
1129 2 5
1129 3 4
1129 3 5
1129 4 5
1130 1 2
1130 1 3
1130 1 4
1130 1 5
1130 2 3
1130 2 4
1130 2 5
1130 3 4
1130 3 5
1130 4 5
1131 1 2
1131 1 3
1131 1 4
1131 1 5
1131 2 3
1131 2 4
1131 2 5
1131 3 4
1131 3 5
1131 4 5
1132 1 2
1132 1 3
1132 1 4
1132 1 5
1132 2 3
1132 2 4
1132 2 5
1132 3 4
1132 3 5
1132 4 5
1133 1 2
1133 1 3
1133 1 4
1133 1 5
1133 2 3
1133 2 4
1133 2 5
1133 3 4
1133 3 5
1133 4 5
1134 1 2
1134 1 3
1134 1 4
1134 1 5
1134 2 3
1134 2 4
1134 2 5
1134 3 4
1134 3 5
1134 4 5
1135 1 2
1135 1 3
1135 1 4
1135 1 5
1135 2 3
1135 2 4
1135 2 5
1135 3 4
1135 3 5
1135 4 5
1136 1 2
1136 1 3
1136 1 4
1136 1 5
1136 2 3
1136 2 4
1136 2 5
1136 3 4
1136 3 5
1136 4 5
1137 1 2
1137 1 3
1137 1 4
1137 1 5
1137 2 3
1137 2 4
1137 2 5
1137 3 4
1137 3 5
1137 4 5
1138 1 2
1138 1 3
1138 1 4
1138 1 5
1138 2 3
1138 2 4
1138 2 5
1138 3 4
1138 3 5
1138 4 5
1139 1 2
1139 1 3
1139 1 4
1139 1 5
1139 2 3
1139 2 4
1139 2 5
1139 3 4
1139 3 5
1139 4 5
1140 1 2
1140 1 3
1140 1 4
1140 1 5
1140 2 3
1140 2 4
1140 2 5
1140 3 4
1140 3 5
1140 4 5
1141 1 2
1141 1 3
1141 1 4
1141 1 5
1141 2 3
1141 2 4
1141 2 5
1141 3 4
1141 3 5
1141 4 5
1142 1 2
1142 1 3
1142 1 4
1142 1 5
1142 2 3
1142 2 4
1142 2 5
1142 3 4
1142 3 5
1142 4 5
1143 1 2
1143 1 3
1143 1 4
1143 1 5
1143 2 3
1143 2 4
1143 2 5
1143 3 4
1143 3 5
1143 4 5
1144 1 2
1144 1 3
1144 1 4
1144 1 5
1144 2 3
1144 2 4
1144 2 5
1144 3 4
1144 3 5
1144 4 5
1145 1 2
1145 1 3
1145 1 4
1145 1 5
1145 2 3
1145 2 4
1145 2 5
1145 3 4
1145 3 5
1145 4 5
1146 1 2
1146 1 3
1146 1 4
1146 1 5
1146 2 3
1146 2 4
1146 2 5
1146 3 4
1146 3 5
1146 4 5
1148 1 2
1148 1 3
1148 1 4
1148 1 5
1148 2 3
1148 2 4
1148 2 5
1148 3 4
1148 3 5
1148 4 5
1149 1 2
1149 1 3
1149 1 4
1149 1 5
1149 2 3
1149 2 4
1149 2 5
1149 3 4
1149 3 5
1149 4 5
1150 1 2
1150 1 3
1150 1 4
1150 1 5
1150 2 3
1150 2 4
1150 2 5
1150 3 4
1150 3 5
1150 4 5
1152 1 2
1152 1 3
1152 1 4
1152 1 5
1152 2 3
1152 2 4
1152 2 5
1152 3 4
1152 3 5
1152 4 5
1153 1 2
1153 1 3
1153 1 4
1153 1 5
1153 2 3
1153 2 4
1153 2 5
1153 3 4
1153 3 5
1153 4 5
1154 1 2
1154 1 3
1154 1 4
1154 1 5
1154 2 3
1154 2 4
1154 2 5
1154 3 4
1154 3 5
1154 4 5
1156 1 2
1156 1 3
1156 1 4
1156 1 5
1156 2 3
1156 2 4
1156 2 5
1156 3 4
1156 3 5
1156 4 5
1159 1 2
1159 1 3
1159 1 4
1159 1 5
1159 2 3
1159 2 4
1159 2 5
1159 3 4
1159 3 5
1159 4 5
1160 1 2
1160 1 3
1160 1 4
1160 1 5
1160 2 3
1160 2 4
1160 2 5
1160 3 4
1160 3 5
1160 4 5
1161 1 2
1161 1 3
1161 1 4
1161 1 5
1161 2 3
1161 2 4
1161 2 5
1161 3 4
1161 3 5
1161 4 5
1162 1 2
1162 1 3
1162 1 4
1162 1 5
1162 2 3
1162 2 4
1162 2 5
1162 3 4
1162 3 5
1162 4 5
1163 1 2
1163 1 3
1163 1 4
1163 1 5
1163 2 3
1163 2 4
1163 2 5
1163 3 4
1163 3 5
1163 4 5
1164 1 2
1164 1 3
1164 1 4
1164 1 5
1164 2 3
1164 2 4
1164 2 5
1164 3 4
1164 3 5
1164 4 5
1165 1 2
1165 1 3
1165 1 4
1165 1 5
1165 2 3
1165 2 4
1165 2 5
1165 3 4
1165 3 5
1165 4 5
1166 1 2
1166 1 3
1166 1 4
1166 1 5
1166 2 3
1166 2 4
1166 2 5
1166 3 4
1166 3 5
1166 4 5
1167 1 2
1167 1 3
1167 1 4
1167 1 5
1167 2 3
1167 2 4
1167 2 5
1167 3 4
1167 3 5
1167 4 5
1168 1 2
1168 1 3
1168 1 4
1168 1 5
1168 2 3
1168 2 4
1168 2 5
1168 3 4
1168 3 5
1168 4 5
1169 1 2
1169 1 3
1169 1 4
1169 1 5
1169 2 3
1169 2 4
1169 2 5
1169 3 4
1169 3 5
1169 4 5
1170 1 2
1170 1 3
1170 1 4
1170 1 5
1170 2 3
1170 2 4
1170 2 5
1170 3 4
1170 3 5
1170 4 5
1171 1 2
1171 1 3
1171 1 4
1171 1 5
1171 2 3
1171 2 4
1171 2 5
1171 3 4
1171 3 5
1171 4 5
1172 1 2
1172 1 3
1172 1 4
1172 1 5
1172 2 3
1172 2 4
1172 2 5
1172 3 4
1172 3 5
1172 4 5
1174 1 2
1174 1 3
1174 1 4
1174 1 5
1174 2 3
1174 2 4
1174 2 5
1174 3 4
1174 3 5
1174 4 5
1175 1 2
1175 1 3
1175 1 4
1175 1 5
1175 2 3
1175 2 4
1175 2 5
1175 3 4
1175 3 5
1175 4 5
1176 1 2
1176 1 3
1176 1 4
1176 1 5
1176 2 3
1176 2 4
1176 2 5
1176 3 4
1176 3 5
1176 4 5
1178 1 2
1178 1 3
1178 1 4
1178 1 5
1178 2 3
1178 2 4
1178 2 5
1178 3 4
1178 3 5
1178 4 5
1179 1 2
1179 1 3
1179 1 4
1179 1 5
1179 2 3
1179 2 4
1179 2 5
1179 3 4
1179 3 5
1179 4 5
1181 1 2
1181 1 3
1181 1 4
1181 1 5
1181 2 3
1181 2 4
1181 2 5
1181 3 4
1181 3 5
1181 4 5
1182 1 2
1182 1 3
1182 1 4
1182 1 5
1182 2 3
1182 2 4
1182 2 5
1182 3 4
1182 3 5
1182 4 5
1185 1 2
1185 1 3
1185 1 4
1185 1 5
1185 2 3
1185 2 4
1185 2 5
1185 3 4
1185 3 5
1185 4 5
1186 1 2
1186 1 3
1186 1 4
1186 1 5
1186 2 3
1186 2 4
1186 2 5
1186 3 4
1186 3 5
1186 4 5
1188 1 2
1188 1 3
1188 1 4
1188 1 5
1188 2 3
1188 2 4
1188 2 5
1188 3 4
1188 3 5
1188 4 5
1190 1 2
1190 1 3
1190 1 4
1190 1 5
1190 2 3
1190 2 4
1190 2 5
1190 3 4
1190 3 5
1190 4 5
1191 1 2
1191 1 3
1191 1 4
1191 1 5
1191 2 3
1191 2 4
1191 2 5
1191 3 4
1191 3 5
1191 4 5
1193 1 2
1193 1 3
1193 1 4
1193 1 5
1193 2 3
1193 2 4
1193 2 5
1193 3 4
1193 3 5
1193 4 5
1197 1 2
1197 1 3
1197 1 4
1197 1 5
1197 2 3
1197 2 4
1197 2 5
1197 3 4
1197 3 5
1197 4 5
1198 1 2
1198 1 3
1198 1 4
1198 1 5
1198 2 3
1198 2 4
1198 2 5
1198 3 4
1198 3 5
1198 4 5
1199 1 2
1199 1 3
1199 1 4
1199 1 5
1199 2 3
1199 2 4
1199 2 5
1199 3 4
1199 3 5
1199 4 5
1201 1 2
1201 1 3
1201 1 4
1201 1 5
1201 2 3
1201 2 4
1201 2 5
1201 3 4
1201 3 5
1201 4 5
1203 1 2
1203 1 3
1203 1 4
1203 1 5
1203 2 3
1203 2 4
1203 2 5
1203 3 4
1203 3 5
1203 4 5
1208 1 2
1208 1 3
1208 1 4
1208 1 5
1208 2 3
1208 2 4
1208 2 5
1208 3 4
1208 3 5
1208 4 5
1209 1 2
1209 1 3
1209 1 4
1209 1 5
1209 2 3
1209 2 4
1209 2 5
1209 3 4
1209 3 5
1209 4 5
1210 1 2
1210 1 3
1210 1 4
1210 1 5
1210 2 3
1210 2 4
1210 2 5
1210 3 4
1210 3 5
1210 4 5
1211 1 2
1211 1 3
1211 1 4
1211 1 5
1211 2 3
1211 2 4
1211 2 5
1211 3 4
1211 3 5
1211 4 5
1212 1 2
1212 1 3
1212 1 4
1212 1 5
1212 2 3
1212 2 4
1212 2 5
1212 3 4
1212 3 5
1212 4 5
1214 1 2
1214 1 3
1214 1 4
1214 1 5
1214 2 3
1214 2 4
1214 2 5
1214 3 4
1214 3 5
1214 4 5
1215 1 2
1215 1 3
1215 1 4
1215 1 5
1215 2 3
1215 2 4
1215 2 5
1215 3 4
1215 3 5
1215 4 5
1219 1 2
1219 1 3
1219 1 4
1219 1 5
1219 2 3
1219 2 4
1219 2 5
1219 3 4
1219 3 5
1219 4 5
1220 1 2
1220 1 3
1220 1 4
1220 1 5
1220 2 3
1220 2 4
1220 2 5
1220 3 4
1220 3 5
1220 4 5
1224 1 2
1224 1 3
1224 1 4
1224 1 5
1224 2 3
1224 2 4
1224 2 5
1224 3 4
1224 3 5
1224 4 5
1225 1 2
1225 1 3
1225 1 4
1225 1 5
1225 2 3
1225 2 4
1225 2 5
1225 3 4
1225 3 5
1225 4 5
1227 1 2
1227 1 3
1227 1 4
1227 1 5
1227 2 3
1227 2 4
1227 2 5
1227 3 4
1227 3 5
1227 4 5
1228 1 2
1228 1 3
1228 1 4
1228 1 5
1228 2 3
1228 2 4
1228 2 5
1228 3 4
1228 3 5
1228 4 5
1229 1 2
1229 1 3
1229 1 4
1229 1 5
1229 2 3
1229 2 4
1229 2 5
1229 3 4
1229 3 5
1229 4 5
1231 1 2
1231 1 3
1231 1 4
1231 1 5
1231 2 3
1231 2 4
1231 2 5
1231 3 4
1231 3 5
1231 4 5
1239 1 2
1239 1 3
1239 1 4
1239 1 5
1239 2 3
1239 2 4
1239 2 5
1239 3 4
1239 3 5
1239 4 5
1240 1 2
1240 1 3
1240 1 4
1240 1 5
1240 2 3
1240 2 4
1240 2 5
1240 3 4
1240 3 5
1240 4 5
1244 1 2
1244 1 3
1244 1 4
1244 1 5
1244 2 3
1244 2 4
1244 2 5
1244 3 4
1244 3 5
1244 4 5
1001 1 2
1001 1 3
1001 1 4
1001 1 5
1001 2 3
1001 2 4
1001 2 5
1001 3 4
1001 3 5
1001 4 5
1002 1 2
1002 1 3
1002 1 4
1002 1 5
1002 2 3
1002 2 4
1002 2 5
1002 3 4
1002 3 5
1002 4 5
1007 1 2
1007 1 3
1007 1 4
1007 1 5
1007 2 3
1007 2 4
1007 2 5
1007 3 4
1007 3 5
1007 4 5
1008 1 2
1008 1 3
1008 1 4
1008 1 5
1008 2 3
1008 2 4
1008 2 5
1008 3 4
1008 3 5
1008 4 5
1011 1 2
1011 1 3
1011 1 4
1011 1 5
1011 2 3
1011 2 4
1011 2 5
1011 3 4
1011 3 5
1011 4 5
1013 1 2
1013 1 3
1013 1 4
1013 1 5
1013 2 3
1013 2 4
1013 2 5
1013 3 4
1013 3 5
1013 4 5
1014 1 2
1014 1 3
1014 1 4
1014 1 5
1014 2 3
1014 2 4
1014 2 5
1014 3 4
1014 3 5
1014 4 5
1019 1 2
1019 1 3
1019 1 4
1019 1 5
1019 2 3
1019 2 4
1019 2 5
1019 3 4
1019 3 5
1019 4 5
1021 1 2
1021 1 3
1021 1 4
1021 1 5
1021 2 3
1021 2 4
1021 2 5
1021 3 4
1021 3 5
1021 4 5
1022 1 2
1022 1 3
1022 1 4
1022 1 5
1022 2 3
1022 2 4
1022 2 5
1022 3 4
1022 3 5
1022 4 5
1025 1 2
1025 1 3
1025 1 4
1025 1 5
1025 2 3
1025 2 4
1025 2 5
1025 3 4
1025 3 5
1025 4 5
1027 1 2
1027 1 3
1027 1 4
1027 1 5
1027 2 3
1027 2 4
1027 2 5
1027 3 4
1027 3 5
1027 4 5
1028 1 2
1028 1 3
1028 1 4
1028 1 5
1028 2 3
1028 2 4
1028 2 5
1028 3 4
1028 3 5
1028 4 5
1029 1 2
1029 1 3
1029 1 4
1029 1 5
1029 2 3
1029 2 4
1029 2 5
1029 3 4
1029 3 5
1029 4 5
1030 1 2
1030 1 3
1030 1 4
1030 1 5
1030 2 3
1030 2 4
1030 2 5
1030 3 4
1030 3 5
1030 4 5
1032 1 2
1032 1 3
1032 1 4
1032 1 5
1032 2 3
1032 2 4
1032 2 5
1032 3 4
1032 3 5
1032 4 5
1033 1 2
1033 1 3
1033 1 4
1033 1 5
1033 2 3
1033 2 4
1033 2 5
1033 3 4
1033 3 5
1033 4 5
1035 1 2
1035 1 3
1035 1 4
1035 1 5
1035 2 3
1035 2 4
1035 2 5
1035 3 4
1035 3 5
1035 4 5
1036 1 2
1036 1 3
1036 1 4
1036 1 5
1036 2 3
1036 2 4
1036 2 5
1036 3 4
1036 3 5
1036 4 5
1039 1 2
1039 1 3
1039 1 4
1039 1 5
1039 2 3
1039 2 4
1039 2 5
1039 3 4
1039 3 5
1039 4 5
1040 1 2
1040 1 3
1040 1 4
1040 1 5
1040 2 3
1040 2 4
1040 2 5
1040 3 4
1040 3 5
1040 4 5
1041 1 2
1041 1 3
1041 1 4
1041 1 5
1041 2 3
1041 2 4
1041 2 5
1041 3 4
1041 3 5
1041 4 5
1042 1 2
1042 1 3
1042 1 4
1042 1 5
1042 2 3
1042 2 4
1042 2 5
1042 3 4
1042 3 5
1042 4 5
1043 1 2
1043 1 3
1043 1 4
1043 1 5
1043 2 3
1043 2 4
1043 2 5
1043 3 4
1043 3 5
1043 4 5
1044 1 2
1044 1 3
1044 1 4
1044 1 5
1044 2 3
1044 2 4
1044 2 5
1044 3 4
1044 3 5
1044 4 5
1045 1 2
1045 1 3
1045 1 4
1045 1 5
1045 2 3
1045 2 4
1045 2 5
1045 3 4
1045 3 5
1045 4 5
1047 1 2
1047 1 3
1047 1 4
1047 1 5
1047 2 3
1047 2 4
1047 2 5
1047 3 4
1047 3 5
1047 4 5
1049 1 2
1049 1 3
1049 1 4
1049 1 5
1049 2 3
1049 2 4
1049 2 5
1049 3 4
1049 3 5
1049 4 5
1050 1 2
1050 1 3
1050 1 4
1050 1 5
1050 2 3
1050 2 4
1050 2 5
1050 3 4
1050 3 5
1050 4 5
1052 1 2
1052 1 3
1052 1 4
1052 1 5
1052 2 3
1052 2 4
1052 2 5
1052 3 4
1052 3 5
1052 4 5
1053 1 2
1053 1 3
1053 1 4
1053 1 5
1053 2 3
1053 2 4
1053 2 5
1053 3 4
1053 3 5
1053 4 5
1055 1 2
1055 1 3
1055 1 4
1055 1 5
1055 2 3
1055 2 4
1055 2 5
1055 3 4
1055 3 5
1055 4 5
1056 1 2
1056 1 3
1056 1 4
1056 1 5
1056 2 3
1056 2 4
1056 2 5
1056 3 4
1056 3 5
1056 4 5
1059 1 2
1059 1 3
1059 1 4
1059 1 5
1059 2 3
1059 2 4
1059 2 5
1059 3 4
1059 3 5
1059 4 5
1060 1 2
1060 1 3
1060 1 4
1060 1 5
1060 2 3
1060 2 4
1060 2 5
1060 3 4
1060 3 5
1060 4 5
1063 1 2
1063 1 3
1063 1 4
1063 1 5
1063 2 3
1063 2 4
1063 2 5
1063 3 4
1063 3 5
1063 4 5
1064 1 2
1064 1 3
1064 1 4
1064 1 5
1064 2 3
1064 2 4
1064 2 5
1064 3 4
1064 3 5
1064 4 5
1065 1 2
1065 1 3
1065 1 4
1065 1 5
1065 2 3
1065 2 4
1065 2 5
1065 3 4
1065 3 5
1065 4 5
1066 1 2
1066 1 3
1066 1 4
1066 1 5
1066 2 3
1066 2 4
1066 2 5
1066 3 4
1066 3 5
1066 4 5
1067 1 2
1067 1 3
1067 1 4
1067 1 5
1067 2 3
1067 2 4
1067 2 5
1067 3 4
1067 3 5
1067 4 5
1068 1 2
1068 1 3
1068 1 4
1068 1 5
1068 2 3
1068 2 4
1068 2 5
1068 3 4
1068 3 5
1068 4 5
1069 1 2
1069 1 3
1069 1 4
1069 1 5
1069 2 3
1069 2 4
1069 2 5
1069 3 4
1069 3 5
1069 4 5
1070 1 2
1070 1 3
1070 1 4
1070 1 5
1070 2 3
1070 2 4
1070 2 5
1070 3 4
1070 3 5
1070 4 5
1071 1 2
1071 1 3
1071 1 4
1071 1 5
1071 2 3
1071 2 4
1071 2 5
1071 3 4
1071 3 5
1071 4 5
1072 1 2
1072 1 3
1072 1 4
1072 1 5
1072 2 3
1072 2 4
1072 2 5
1072 3 4
1072 3 5
1072 4 5
1073 1 2
1073 1 3
1073 1 4
1073 1 5
1073 2 3
1073 2 4
1073 2 5
1073 3 4
1073 3 5
1073 4 5
1074 1 2
1074 1 3
1074 1 4
1074 1 5
1074 2 3
1074 2 4
1074 2 5
1074 3 4
1074 3 5
1074 4 5
1075 1 2
1075 1 3
1075 1 4
1075 1 5
1075 2 3
1075 2 4
1075 2 5
1075 3 4
1075 3 5
1075 4 5
1076 1 2
1076 1 3
1076 1 4
1076 1 5
1076 2 3
1076 2 4
1076 2 5
1076 3 4
1076 3 5
1076 4 5
1078 1 2
1078 1 3
1078 1 4
1078 1 5
1078 2 3
1078 2 4
1078 2 5
1078 3 4
1078 3 5
1078 4 5
1079 1 2
1079 1 3
1079 1 4
1079 1 5
1079 2 3
1079 2 4
1079 2 5
1079 3 4
1079 3 5
1079 4 5
1080 1 2
1080 1 3
1080 1 4
1080 1 5
1080 2 3
1080 2 4
1080 2 5
1080 3 4
1080 3 5
1080 4 5
1081 1 2
1081 1 3
1081 1 4
1081 1 5
1081 2 3
1081 2 4
1081 2 5
1081 3 4
1081 3 5
1081 4 5
1082 1 2
1082 1 3
1082 1 4
1082 1 5
1082 2 3
1082 2 4
1082 2 5
1082 3 4
1082 3 5
1082 4 5
1083 1 2
1083 1 3
1083 1 4
1083 1 5
1083 2 3
1083 2 4
1083 2 5
1083 3 4
1083 3 5
1083 4 5
1084 1 2
1084 1 3
1084 1 4
1084 1 5
1084 2 3
1084 2 4
1084 2 5
1084 3 4
1084 3 5
1084 4 5
1085 1 2
1085 1 3
1085 1 4
1085 1 5
1085 2 3
1085 2 4
1085 2 5
1085 3 4
1085 3 5
1085 4 5
1086 1 2
1086 1 3
1086 1 4
1086 1 5
1086 2 3
1086 2 4
1086 2 5
1086 3 4
1086 3 5
1086 4 5
1087 1 2
1087 1 3
1087 1 4
1087 1 5
1087 2 3
1087 2 4
1087 2 5
1087 3 4
1087 3 5
1087 4 5
1088 1 2
1088 1 3
1088 1 4
1088 1 5
1088 2 3
1088 2 4
1088 2 5
1088 3 4
1088 3 5
1088 4 5
1089 1 2
1089 1 3
1089 1 4
1089 1 5
1089 2 3
1089 2 4
1089 2 5
1089 3 4
1089 3 5
1089 4 5
1090 1 2
1090 1 3
1090 1 4
1090 1 5
1090 2 3
1090 2 4
1090 2 5
1090 3 4
1090 3 5
1090 4 5
1092 1 2
1092 1 3
1092 1 4
1092 1 5
1092 2 3
1092 2 4
1092 2 5
1092 3 4
1092 3 5
1092 4 5
1093 1 2
1093 1 3
1093 1 4
1093 1 5
1093 2 3
1093 2 4
1093 2 5
1093 3 4
1093 3 5
1093 4 5
1094 1 2
1094 1 3
1094 1 4
1094 1 5
1094 2 3
1094 2 4
1094 2 5
1094 3 4
1094 3 5
1094 4 5
1095 1 2
1095 1 3
1095 1 4
1095 1 5
1095 2 3
1095 2 4
1095 2 5
1095 3 4
1095 3 5
1095 4 5
1096 1 2
1096 1 3
1096 1 4
1096 1 5
1096 2 3
1096 2 4
1096 2 5
1096 3 4
1096 3 5
1096 4 5
1097 1 2
1097 1 3
1097 1 4
1097 1 5
1097 2 3
1097 2 4
1097 2 5
1097 3 4
1097 3 5
1097 4 5
1098 1 2
1098 1 3
1098 1 4
1098 1 5
1098 2 3
1098 2 4
1098 2 5
1098 3 4
1098 3 5
1098 4 5
1100 1 2
1100 1 3
1100 1 4
1100 1 5
1100 2 3
1100 2 4
1100 2 5
1100 3 4
1100 3 5
1100 4 5
1101 1 2
1101 1 3
1101 1 4
1101 1 5
1101 2 3
1101 2 4
1101 2 5
1101 3 4
1101 3 5
1101 4 5
1102 1 2
1102 1 3
1102 1 4
1102 1 5
1102 2 3
1102 2 4
1102 2 5
1102 3 4
1102 3 5
1102 4 5
1103 1 2
1103 1 3
1103 1 4
1103 1 5
1103 2 3
1103 2 4
1103 2 5
1103 3 4
1103 3 5
1103 4 5
1104 1 2
1104 1 3
1104 1 4
1104 1 5
1104 2 3
1104 2 4
1104 2 5
1104 3 4
1104 3 5
1104 4 5
1105 1 2
1105 1 3
1105 1 4
1105 1 5
1105 2 3
1105 2 4
1105 2 5
1105 3 4
1105 3 5
1105 4 5
1106 1 2
1106 1 3
1106 1 4
1106 1 5
1106 2 3
1106 2 4
1106 2 5
1106 3 4
1106 3 5
1106 4 5
1107 1 2
1107 1 3
1107 1 4
1107 1 5
1107 2 3
1107 2 4
1107 2 5
1107 3 4
1107 3 5
1107 4 5
1108 1 2
1108 1 3
1108 1 4
1108 1 5
1108 2 3
1108 2 4
1108 2 5
1108 3 4
1108 3 5
1108 4 5
1109 1 2
1109 1 3
1109 1 4
1109 1 5
1109 2 3
1109 2 4
1109 2 5
1109 3 4
1109 3 5
1109 4 5
1110 1 2
1110 1 3
1110 1 4
1110 1 5
1110 2 3
1110 2 4
1110 2 5
1110 3 4
1110 3 5
1110 4 5
1111 1 2
1111 1 3
1111 1 4
1111 1 5
1111 2 3
1111 2 4
1111 2 5
1111 3 4
1111 3 5
1111 4 5
1112 1 2
1112 1 3
1112 1 4
1112 1 5
1112 2 3
1112 2 4
1112 2 5
1112 3 4
1112 3 5
1112 4 5
1113 1 2
1113 1 3
1113 1 4
1113 1 5
1113 2 3
1113 2 4
1113 2 5
1113 3 4
1113 3 5
1113 4 5
1114 1 2
1114 1 3
1114 1 4
1114 1 5
1114 2 3
1114 2 4
1114 2 5
1114 3 4
1114 3 5
1114 4 5
1115 1 2
1115 1 3
1115 1 4
1115 1 5
1115 2 3
1115 2 4
1115 2 5
1115 3 4
1115 3 5
1115 4 5
1116 1 2
1116 1 3
1116 1 4
1116 1 5
1116 2 3
1116 2 4
1116 2 5
1116 3 4
1116 3 5
1116 4 5
1117 1 2
1117 1 3
1117 1 4
1117 1 5
1117 2 3
1117 2 4
1117 2 5
1117 3 4
1117 3 5
1117 4 5
1118 1 2
1118 1 3
1118 1 4
1118 1 5
1118 2 3
1118 2 4
1118 2 5
1118 3 4
1118 3 5
1118 4 5
1119 1 2
1119 1 3
1119 1 4
1119 1 5
1119 2 3
1119 2 4
1119 2 5
1119 3 4
1119 3 5
1119 4 5
1120 1 2
1120 1 3
1120 1 4
1120 1 5
1120 2 3
1120 2 4
1120 2 5
1120 3 4
1120 3 5
1120 4 5
1121 1 2
1121 1 3
1121 1 4
1121 1 5
1121 2 3
1121 2 4
1121 2 5
1121 3 4
1121 3 5
1121 4 5
1122 1 2
1122 1 3
1122 1 4
1122 1 5
1122 2 3
1122 2 4
1122 2 5
1122 3 4
1122 3 5
1122 4 5
1123 1 2
1123 1 3
1123 1 4
1123 1 5
1123 2 3
1123 2 4
1123 2 5
1123 3 4
1123 3 5
1123 4 5
1124 1 2
1124 1 3
1124 1 4
1124 1 5
1124 2 3
1124 2 4
1124 2 5
1124 3 4
1124 3 5
1124 4 5
1125 1 2
1125 1 3
1125 1 4
1125 1 5
1125 2 3
1125 2 4
1125 2 5
1125 3 4
1125 3 5
1125 4 5
1126 1 2
1126 1 3
1126 1 4
1126 1 5
1126 2 3
1126 2 4
1126 2 5
1126 3 4
1126 3 5
1126 4 5
1127 1 2
1127 1 3
1127 1 4
1127 1 5
1127 2 3
1127 2 4
1127 2 5
1127 3 4
1127 3 5
1127 4 5
1128 1 2
1128 1 3
1128 1 4
1128 1 5
1128 2 3
1128 2 4
1128 2 5
1128 3 4
1128 3 5
1128 4 5
1129 1 2
1129 1 3
1129 1 4
1129 1 5
1129 2 3
1129 2 4
1129 2 5
1129 3 4
1129 3 5
1129 4 5
1130 1 2
1130 1 3
1130 1 4
1130 1 5
1130 2 3
1130 2 4
1130 2 5
1130 3 4
1130 3 5
1130 4 5
1131 1 2
1131 1 3
1131 1 4
1131 1 5
1131 2 3
1131 2 4
1131 2 5
1131 3 4
1131 3 5
1131 4 5
1132 1 2
1132 1 3
1132 1 4
1132 1 5
1132 2 3
1132 2 4
1132 2 5
1132 3 4
1132 3 5
1132 4 5
1133 1 2
1133 1 3
1133 1 4
1133 1 5
1133 2 3
1133 2 4
1133 2 5
1133 3 4
1133 3 5
1133 4 5
1134 1 2
1134 1 3
1134 1 4
1134 1 5
1134 2 3
1134 2 4
1134 2 5
1134 3 4
1134 3 5
1134 4 5
1135 1 2
1135 1 3
1135 1 4
1135 1 5
1135 2 3
1135 2 4
1135 2 5
1135 3 4
1135 3 5
1135 4 5
1136 1 2
1136 1 3
1136 1 4
1136 1 5
1136 2 3
1136 2 4
1136 2 5
1136 3 4
1136 3 5
1136 4 5
1137 1 2
1137 1 3
1137 1 4
1137 1 5
1137 2 3
1137 2 4
1137 2 5
1137 3 4
1137 3 5
1137 4 5
1138 1 2
1138 1 3
1138 1 4
1138 1 5
1138 2 3
1138 2 4
1138 2 5
1138 3 4
1138 3 5
1138 4 5
1139 1 2
1139 1 3
1139 1 4
1139 1 5
1139 2 3
1139 2 4
1139 2 5
1139 3 4
1139 3 5
1139 4 5
1140 1 2
1140 1 3
1140 1 4
1140 1 5
1140 2 3
1140 2 4
1140 2 5
1140 3 4
1140 3 5
1140 4 5
1141 1 2
1141 1 3
1141 1 4
1141 1 5
1141 2 3
1141 2 4
1141 2 5
1141 3 4
1141 3 5
1141 4 5
1142 1 2
1142 1 3
1142 1 4
1142 1 5
1142 2 3
1142 2 4
1142 2 5
1142 3 4
1142 3 5
1142 4 5
1143 1 2
1143 1 3
1143 1 4
1143 1 5
1143 2 3
1143 2 4
1143 2 5
1143 3 4
1143 3 5
1143 4 5
1144 1 2
1144 1 3
1144 1 4
1144 1 5
1144 2 3
1144 2 4
1144 2 5
1144 3 4
1144 3 5
1144 4 5
1145 1 2
1145 1 3
1145 1 4
1145 1 5
1145 2 3
1145 2 4
1145 2 5
1145 3 4
1145 3 5
1145 4 5
1146 1 2
1146 1 3
1146 1 4
1146 1 5
1146 2 3
1146 2 4
1146 2 5
1146 3 4
1146 3 5
1146 4 5
1148 1 2
1148 1 3
1148 1 4
1148 1 5
1148 2 3
1148 2 4
1148 2 5
1148 3 4
1148 3 5
1148 4 5
1149 1 2
1149 1 3
1149 1 4
1149 1 5
1149 2 3
1149 2 4
1149 2 5
1149 3 4
1149 3 5
1149 4 5
1150 1 2
1150 1 3
1150 1 4
1150 1 5
1150 2 3
1150 2 4
1150 2 5
1150 3 4
1150 3 5
1150 4 5
1152 1 2
1152 1 3
1152 1 4
1152 1 5
1152 2 3
1152 2 4
1152 2 5
1152 3 4
1152 3 5
1152 4 5
1153 1 2
1153 1 3
1153 1 4
1153 1 5
1153 2 3
1153 2 4
1153 2 5
1153 3 4
1153 3 5
1153 4 5
1154 1 2
1154 1 3
1154 1 4
1154 1 5
1154 2 3
1154 2 4
1154 2 5
1154 3 4
1154 3 5
1154 4 5
1156 1 2
1156 1 3
1156 1 4
1156 1 5
1156 2 3
1156 2 4
1156 2 5
1156 3 4
1156 3 5
1156 4 5
1159 1 2
1159 1 3
1159 1 4
1159 1 5
1159 2 3
1159 2 4
1159 2 5
1159 3 4
1159 3 5
1159 4 5
1160 1 2
1160 1 3
1160 1 4
1160 1 5
1160 2 3
1160 2 4
1160 2 5
1160 3 4
1160 3 5
1160 4 5
1161 1 2
1161 1 3
1161 1 4
1161 1 5
1161 2 3
1161 2 4
1161 2 5
1161 3 4
1161 3 5
1161 4 5
1162 1 2
1162 1 3
1162 1 4
1162 1 5
1162 2 3
1162 2 4
1162 2 5
1162 3 4
1162 3 5
1162 4 5
1163 1 2
1163 1 3
1163 1 4
1163 1 5
1163 2 3
1163 2 4
1163 2 5
1163 3 4
1163 3 5
1163 4 5
1164 1 2
1164 1 3
1164 1 4
1164 1 5
1164 2 3
1164 2 4
1164 2 5
1164 3 4
1164 3 5
1164 4 5
1165 1 2
1165 1 3
1165 1 4
1165 1 5
1165 2 3
1165 2 4
1165 2 5
1165 3 4
1165 3 5
1165 4 5
1166 1 2
1166 1 3
1166 1 4
1166 1 5
1166 2 3
1166 2 4
1166 2 5
1166 3 4
1166 3 5
1166 4 5
1167 1 2
1167 1 3
1167 1 4
1167 1 5
1167 2 3
1167 2 4
1167 2 5
1167 3 4
1167 3 5
1167 4 5
1168 1 2
1168 1 3
1168 1 4
1168 1 5
1168 2 3
1168 2 4
1168 2 5
1168 3 4
1168 3 5
1168 4 5
1169 1 2
1169 1 3
1169 1 4
1169 1 5
1169 2 3
1169 2 4
1169 2 5
1169 3 4
1169 3 5
1169 4 5
1170 1 2
1170 1 3
1170 1 4
1170 1 5
1170 2 3
1170 2 4
1170 2 5
1170 3 4
1170 3 5
1170 4 5
1171 1 2
1171 1 3
1171 1 4
1171 1 5
1171 2 3
1171 2 4
1171 2 5
1171 3 4
1171 3 5
1171 4 5
1172 1 2
1172 1 3
1172 1 4
1172 1 5
1172 2 3
1172 2 4
1172 2 5
1172 3 4
1172 3 5
1172 4 5
1174 1 2
1174 1 3
1174 1 4
1174 1 5
1174 2 3
1174 2 4
1174 2 5
1174 3 4
1174 3 5
1174 4 5
1175 1 2
1175 1 3
1175 1 4
1175 1 5
1175 2 3
1175 2 4
1175 2 5
1175 3 4
1175 3 5
1175 4 5
1176 1 2
1176 1 3
1176 1 4
1176 1 5
1176 2 3
1176 2 4
1176 2 5
1176 3 4
1176 3 5
1176 4 5
1178 1 2
1178 1 3
1178 1 4
1178 1 5
1178 2 3
1178 2 4
1178 2 5
1178 3 4
1178 3 5
1178 4 5
1179 1 2
1179 1 3
1179 1 4
1179 1 5
1179 2 3
1179 2 4
1179 2 5
1179 3 4
1179 3 5
1179 4 5
1181 1 2
1181 1 3
1181 1 4
1181 1 5
1181 2 3
1181 2 4
1181 2 5
1181 3 4
1181 3 5
1181 4 5
1182 1 2
1182 1 3
1182 1 4
1182 1 5
1182 2 3
1182 2 4
1182 2 5
1182 3 4
1182 3 5
1182 4 5
1185 1 2
1185 1 3
1185 1 4
1185 1 5
1185 2 3
1185 2 4
1185 2 5
1185 3 4
1185 3 5
1185 4 5
1186 1 2
1186 1 3
1186 1 4
1186 1 5
1186 2 3
1186 2 4
1186 2 5
1186 3 4
1186 3 5
1186 4 5
1188 1 2
1188 1 3
1188 1 4
1188 1 5
1188 2 3
1188 2 4
1188 2 5
1188 3 4
1188 3 5
1188 4 5
1190 1 2
1190 1 3
1190 1 4
1190 1 5
1190 2 3
1190 2 4
1190 2 5
1190 3 4
1190 3 5
1190 4 5
1191 1 2
1191 1 3
1191 1 4
1191 1 5
1191 2 3
1191 2 4
1191 2 5
1191 3 4
1191 3 5
1191 4 5
1193 1 2
1193 1 3
1193 1 4
1193 1 5
1193 2 3
1193 2 4
1193 2 5
1193 3 4
1193 3 5
1193 4 5
1197 1 2
1197 1 3
1197 1 4
1197 1 5
1197 2 3
1197 2 4
1197 2 5
1197 3 4
1197 3 5
1197 4 5
1198 1 2
1198 1 3
1198 1 4
1198 1 5
1198 2 3
1198 2 4
1198 2 5
1198 3 4
1198 3 5
1198 4 5
1199 1 2
1199 1 3
1199 1 4
1199 1 5
1199 2 3
1199 2 4
1199 2 5
1199 3 4
1199 3 5
1199 4 5
1201 1 2
1201 1 3
1201 1 4
1201 1 5
1201 2 3
1201 2 4
1201 2 5
1201 3 4
1201 3 5
1201 4 5
1203 1 2
1203 1 3
1203 1 4
1203 1 5
1203 2 3
1203 2 4
1203 2 5
1203 3 4
1203 3 5
1203 4 5
1208 1 2
1208 1 3
1208 1 4
1208 1 5
1208 2 3
1208 2 4
1208 2 5
1208 3 4
1208 3 5
1208 4 5
1209 1 2
1209 1 3
1209 1 4
1209 1 5
1209 2 3
1209 2 4
1209 2 5
1209 3 4
1209 3 5
1209 4 5
1210 1 2
1210 1 3
1210 1 4
1210 1 5
1210 2 3
1210 2 4
1210 2 5
1210 3 4
1210 3 5
1210 4 5
1211 1 2
1211 1 3
1211 1 4
1211 1 5
1211 2 3
1211 2 4
1211 2 5
1211 3 4
1211 3 5
1211 4 5
1212 1 2
1212 1 3
1212 1 4
1212 1 5
1212 2 3
1212 2 4
1212 2 5
1212 3 4
1212 3 5
1212 4 5
1214 1 2
1214 1 3
1214 1 4
1214 1 5
1214 2 3
1214 2 4
1214 2 5
1214 3 4
1214 3 5
1214 4 5
1215 1 2
1215 1 3
1215 1 4
1215 1 5
1215 2 3
1215 2 4
1215 2 5
1215 3 4
1215 3 5
1215 4 5
1219 1 2
1219 1 3
1219 1 4
1219 1 5
1219 2 3
1219 2 4
1219 2 5
1219 3 4
1219 3 5
1219 4 5
1220 1 2
1220 1 3
1220 1 4
1220 1 5
1220 2 3
1220 2 4
1220 2 5
1220 3 4
1220 3 5
1220 4 5
1224 1 2
1224 1 3
1224 1 4
1224 1 5
1224 2 3
1224 2 4
1224 2 5
1224 3 4
1224 3 5
1224 4 5
1225 1 2
1225 1 3
1225 1 4
1225 1 5
1225 2 3
1225 2 4
1225 2 5
1225 3 4
1225 3 5
1225 4 5
1227 1 2
1227 1 3
1227 1 4
1227 1 5
1227 2 3
1227 2 4
1227 2 5
1227 3 4
1227 3 5
1227 4 5
1228 1 2
1228 1 3
1228 1 4
1228 1 5
1228 2 3
1228 2 4
1228 2 5
1228 3 4
1228 3 5
1228 4 5
1229 1 2
1229 1 3
1229 1 4
1229 1 5
1229 2 3
1229 2 4
1229 2 5
1229 3 4
1229 3 5
1229 4 5
1231 1 2
1231 1 3
1231 1 4
1231 1 5
1231 2 3
1231 2 4
1231 2 5
1231 3 4
1231 3 5
1231 4 5
1239 1 2
1239 1 3
1239 1 4
1239 1 5
1239 2 3
1239 2 4
1239 2 5
1239 3 4
1239 3 5
1239 4 5
1240 1 2
1240 1 3
1240 1 4
1240 1 5
1240 2 3
1240 2 4
1240 2 5
1240 3 4
1240 3 5
1240 4 5
1244 1 2
1244 1 3
1244 1 4
1244 1 5
1244 2 3
1244 2 4
1244 2 5
1244 3 4
1244 3 5
1244 4 5
1084 1142
1041 1106
1115 1164
1145 1240
1138 1220
1092 1239
1102 1113
1156 1163
1070 1154
1049 1071
1097 1193
1049 1163
1096 1138
1011 1052
1211 1231
1036 1193
1094 1130
1059 1081
1111 1188
1007 1106
1013 1193
1161 1193
1019 1164
1055 1133
1082 1167
1042 1169
1084 1185
1122 1167
1082 1095
1162 1229
1029 1068
1068 1164
1047 1069
1092 1229
1008 1056
1013 1132
1053 1129
1021 1154
1032 1094
1063 1150
1008 1111
1110 1127
1098 1225
1032 1159
1013 1108
1067 1135
1073 1224
1036 1112
1140 1182
1092 1209
1002 1240
1148 1239
1072 1175
1013 1033
1022 1104
1212 1244
1139 1198
1095 1114
1007 1088
1053 1116
1073 1229
1021 1164
1088 1113
1053 1169
1072 1127
1089 1101
1014 1129
1011 1244
1050 1076
1081 1215
1086 1239
1042 1074
1153 1170
1130 1190
1071 1168
1188 1210
1215 1219
1041 1120
1127 1179
1072 1132
1042 1231
1170 1171
1028 1161
1080 1175
1178 1231
1100 1175
1094 1225
1074 1148
1088 1229
1152 1197
1064 1066
1040 1201
1069 1103
1045 1102
1071 1159
1096 1172
1083 1132
1064 1244
1140 1210
1050 1052
1066 1149
1081 1116
1013 1100
1041 1066
1025 1117
1021 1153
1144 1210
1007 1201
1132 1244
1079 1228
1025 1032
1076 1220
1092 1179
1019 1210
1181 1244
1101 1117
1073 1134
1138 1160
1044 1081
1129 1209
1053 1215
1164 1167
1042 1103
1169 1211
1080 1122
1087 1095
1198 1224
1119 1201
1052 1107
1013 1022
1008 1179
1127 1169
1067 1193
1064 1176
1081 1190
1144 1211
1067 1086
1093 1121
1021 1087
1055 1149
1028 1193
1042 1109
1064 1088
1044 1209
1039 1130
1097 1122
1124 1210
1036 1190
1145 1193
1115 1137
1083 1128
1175 1178
1086 1229
1039 1164
1136 1171
1137 1167
1052 1089
1053 1152
1132 1185
1076 1239
1011 1117
1120 1191
1069 1119
1045 1186
1055 1103
1060 1188
1123 1190
1008 1089
1111 1239
1139 1190
1047 1114
1101 1137
1041 1053
1095 1142
1014 1125
1172 1176
1093 1191
1064 1146
1007 1140
1136 1142
1092 1214
1133 1239
1079 1122
1001 1149
1153 1161
1067 1138
1112 1193
1029 1106
1127 1153
1149 1179
1120 1160
1116 1208
1066 1209
1107 1219
1086 1201
1089 1127
1056 1120
1108 1129
1030 1088
1001 1043
1086 1130
1084 1132
1084 1224
1106 1182
1156 1166
1163 1176
1146 1182
1092 1199
1154 1210
1025 1080
1055 1220
1008 1052
1083 1124
1113 1142
1033 1070
1069 1089
1021 1131
1050 1064
1120 1170
1083 1100
1118 1175
1097 1152
1143 1203
1013 1073
1032 1148
1068 1069
1113 1176
1143 1190
1007 1066
1028 1053
1068 1201
1117 1191
1081 1146
1115 1244
1032 1049
1103 1126
1094 1167
1001 1132
1113 1172
1186 1224
1027 1080
1059 1220
1035 1047
1109 1154
1032 1182
1181 1239
1002 1109
1008 1104
1124 1182
1135 1197
1086 1169
1115 1201
1080 1201
1089 1110
1035 1039
1078 1212
1011 1097
1011 1182
1055 1095
1096 1114
1142 1220
1103 1119
1104 1215
1106 1152
1123 1182
1101 1130
1080 1199
1053 1201
1156 1229
1042 1101
1079 1182
1113 1144
1043 1059
1132 1165
1083 1086
1148 1161
1056 1188
1159 1163
1153 1225
1089 1121
1021 1188
1060 1134
1045 1081
1044 1085
1040 1108
1001 1040
1142 1208
1071 1228
1088 1092
1052 1081
1186 1188
1178 1182
1168 1182
1101 1220
1110 1220
1055 1064
1081 1087
1044 1211
1109 1176
1119 1159
1014 1240
1039 1199
1036 1076
1094 1231
1110 1181
1129 1208
1002 1136
1036 1041
1073 1166
1063 1159
1055 1159
1013 1117
1116 1161
1066 1101
1102 1225
1084 1137
1011 1103
1050 1098
1167 1240
1154 1167
1063 1145
1093 1244
1085 1201
1128 1211
1165 1172
1014 1119
1140 1239
1085 1193
1035 1086
1039 1185
1107 1156
1090 1112
1088 1198
1168 1215
1088 1114
1021 1143
1030 1153
1021 1186
1028 1179
1102 1139
1096 1219
1060 1219
1030 1095
1064 1172
1122 1215
1065 1197
1115 1127
1047 1231
1096 1212
1139 1239
1036 1154
1074 1191
1022 1176
1027 1128
1013 1116
1014 1179
1095 1101
1067 1073
1096 1168
1133 1188
1116 1154
1170 1229
1119 1161
1154 1193
1112 1150
1042 1197
1109 1134
1105 1142
1117 1239
1113 1179
1052 1097
1079 1111
1117 1224
1086 1211
1162 1224
1032 1052
1144 1219
1114 1150
1047 1052
1190 1231
1072 1169
1197 1220
1083 1215
1167 1229
1070 1119
1089 1106
1022 1137
1035 1162
1199 1224
1008 1045
1044 1160
1040 1135
1059 1110
1027 1153
1182 1224
1079 1144
1064 1122
1042 1119
1059 1228
1065 1149
1150 1172
1076 1124
1092 1139
1001 1101
1088 1165
1118 1149
1098 1215
1081 1111
1126 1231
1164 1227
1050 1166
1121 1190
1045 1198
1002 1073
1021 1042
1053 1089
1049 1203
1002 1121
1030 1071
1070 1130
1186 1220
1103 1124
1108 1120
1072 1100
1148 1156
1175 1193
1212 1215
1072 1123
1143 1179
1064 1087
1090 1143
1085 1088
1130 1181
1045 1178
1100 1164
1090 1129
1098 1167
1050 1096
1053 1125
1033 1133
1021 1145
1045 1220
1056 1190
1081 1229
1175 1210
1007 1096
1107 1125
1143 1163
1134 1170
1025 1084
1161 1211
1069 1239
1136 1176
1134 1149
1181 1225
1095 1100
1134 1140
1002 1168
1014 1128
1063 1070
1028 1227
1007 1198
1118 1179
1052 1225
1124 1212
1032 1071
1102 1120
1136 1160
1114 1154
1040 1110
1059 1086
1059 1150
1044 1045
1053 1224
1019 1108
1071 1083
1071 1130
1007 1109
1095 1178
1013 1028
1030 1170
1103 1133
1084 1094
1001 1118
1045 1244
1060 1229
1028 1159
1014 1092
1072 1082
1060 1108
1125 1215
1181 1224
1124 1172
1072 1073
1002 1055
1001 1103
1030 1119
1059 1191
1108 1118
1029 1191
1045 1060
1186 1225
1045 1203
1052 1106
1029 1120
1064 1074
1140 1154
1138 1169
1064 1167
1101 1198
1042 1124
1193 1210
1093 1208
1190 1239
1219 1220
1085 1123
1044 1143
1014 1028
1029 1167
1011 1060
1102 1154
1118 1119
1122 1161
1043 1161
1188 1191
1090 1162
1002 1064
1225 1239
1081 1124
1094 1111
1070 1120
1122 1240
1028 1123
1166 1176
1127 1135
1055 1071
1092 1164
1049 1122
1019 1135
1079 1203
1125 1167
1114 1220
1154 1208
1053 1118
1064 1090
1028 1239
1053 1119
1083 1168
1083 1114
1029 1203
1025 1029
1065 1079
1126 1167
1033 1063
1076 1125
1025 1186
1132 1220
1115 1133
1084 1219
1064 1082
1075 1092
1137 1174
1141 1181
1076 1084
1080 1166
1142 1186
1086 1166
1116 1175
1098 1146
1072 1182
1039 1097
1089 1168
1033 1041
1035 1084
1132 1140
1025 1169
1096 1124
1069 1094
1090 1214
1110 1150
1049 1102
1008 1136
1126 1225
1059 1225
1098 1135
1139 1144
1044 1121
1174 1197
1126 1182
1118 1244
1097 1172
1082 1114
1063 1171
1124 1154
1088 1162
1117 1145
1169 1179
1118 1156
1130 1133
1074 1135
1134 1148
1053 1103
1035 1215
1075 1132
1007 1136
1125 1140
1043 1123
1101 1145
1119 1140
1102 1105
1096 1186
1040 1210
1073 1137
1149 1175
1041 1088
1036 1087
1044 1087
1116 1130
1053 1055
1089 1141
1032 1224
1019 1102
1049 1175
1040 1092
1141 1186
1149 1169
1007 1145
1188 1220
1008 1146
1067 1163
1079 1138
1127 1149
1093 1116
1042 1136
1140 1170
1114 1176
1084 1125
1138 1198
1059 1163
1053 1145
1092 1132
1019 1092
1060 1124
1033 1081
1121 1201
1107 1191
1100 1193
1142 1167
1123 1174
1082 1159
1002 1080
1019 1244
1078 1153
1153 1239
1127 1172
1148 1169
1163 1164
1060 1073
1050 1203
1117 1118
1036 1124
1156 1209
1145 1244
1059 1115
1055 1097
1103 1121
1106 1171
1119 1203
1087 1244
1021 1069
1083 1190
1008 1134
1112 1199
1097 1161
1088 1174
1039 1190
1106 1118
1107 1182
1055 1081
1007 1161
1127 1156
1114 1188
1076 1208
1105 1114
1118 1125
1052 1179
1141 1199
1188 1239
1045 1142
1043 1138
1203 1240
1185 1211
1028 1182
1150 1193
1096 1122
1164 1240
1033 1169
1124 1164
1074 1244
1087 1143
1008 1163
1084 1114
1093 1219
1075 1136
1011 1229
1078 1130
1011 1107
1127 1131
1087 1219
1102 1172
1095 1171
1092 1156
1153 1169
1032 1075
1072 1193
1126 1198
1075 1113
1113 1127
1032 1119
1102 1174
1141 1168
1029 1211
1067 1169
1008 1114
1039 1150
1098 1110
1132 1142
1176 1225
1007 1073
1139 1152
1072 1118
1140 1164
1052 1118
1102 1153
1002 1107
1076 1228
1052 1178
1053 1087
1152 1201
1111 1123
1052 1231
1093 1163
1066 1111
1085 1144
1190 1201
1090 1134
1028 1181
1125 1182
1107 1146
1022 1063
1029 1171
1047 1106
1067 1085
1079 1176
1174 1198
1123 1191
1117 1186
1044 1066
1090 1124
1021 1125
1098 1140
1055 1100
1098 1132
1047 1076
1100 1198
1063 1229
1063 1178
1035 1197
1107 1108
1122 1125
1143 1171
1078 1079
1033 1140
1175 1176
1035 1045
1065 1163
1128 1131
1067 1159
1143 1148
1059 1188
1193 1224
1086 1190
1021 1113
1065 1199
1142 1210
1011 1136
1060 1212
1040 1215
1039 1168
1056 1085
1142 1182
1075 1159
1119 1126
1055 1129
1070 1178
1150 1153
1027 1075
1013 1186
1104 1118
1144 1159
1022 1055
1095 1176
1028 1101
1102 1143
1092 1125
1008 1137
1118 1124
1163 1215
1068 1116
1053 1209
1011 1022
1039 1121
1085 1174
1088 1112
1041 1240
1095 1229
1170 1240
1172 1178
1019 1161
1052 1182
1095 1150
1075 1164
1079 1175
1060 1107
1113 1137
1044 1182
1095 1120
1141 1182
1052 1124
1120 1162
1116 1131
1025 1113
1029 1096
1065 1229
1101 1129
1096 1127
1100 1127
1001 1168
1025 1179
1112 1145
1125 1148
1109 1197
1146 1191
1140 1209
1039 1082
1076 1105
1116 1120
1078 1164
1090 1092
1082 1190
1107 1140
1198 1212
1074 1112
1171 1220
1053 1065
1081 1239
1109 1124
1065 1153
1075 1215
1025 1185
1036 1118
1045 1166
1069 1148
1040 1175
1042 1212
1181 1212
1086 1092
1210 1240
1089 1239
1041 1168
1021 1128
1081 1118
1068 1178
1101 1166
1111 1148
1064 1098
1083 1181
1035 1139
1145 1210
1076 1130
1044 1067
1039 1166
1148 1244
1101 1125
1103 1197
1095 1211
1114 1141
1085 1117
1075 1116
1131 1182
1063 1138
1040 1224
1044 1142
1136 1212
1102 1240
1126 1193
1060 1070
1092 1178
1007 1132
1139 1244
1071 1149
1078 1094
1112 1130
1052 1188
1090 1190
1050 1211
1049 1112
1227 1240
1067 1167
1021 1129
1040 1100
1154 1181
1102 1136
1096 1100
1050 1185
1002 1137
1083 1219
1007 1228
1042 1225
1033 1074
1069 1112
1186 1212
1090 1220
1049 1162
1045 1132
1014 1112
1030 1127
1105 1141
1019 1103
1175 1191
1067 1096
1014 1132
1084 1089
1122 1170
1053 1193
1114 1115
1103 1153
1086 1119
1059 1179
1063 1131
1067 1070
1066 1132
1036 1162
1074 1123
1008 1074
1083 1097
1011 1019
1129 1190
1127 1161
1052 1212
1154 1172
1148 1168
1161 1182
1029 1081
1001 1069
1239 1244
1053 1163
1039 1240
1110 1126
1175 1220
1069 1080
1042 1111
1053 1150
1135 1174
1002 1014
1027 1030
1203 1214
1209 1231
1036 1070
1142 1169
1152 1214
1059 1135
1159 1227
1025 1059
1110 1201
1084 1171
1089 1188
1174 1208
1036 1178
1028 1036
1092 1149
1117 1132
1096 1225
1071 1134
1144 1164
1086 1097
1039 1103
1098 1197
1050 1072
1108 1215
1163 1190
1043 1096
1141 1161
1101 1146
1019 1190
1041 1059
1141 1214
1072 1113
1130 1244
1113 1146
1002 1114
1112 1116
1098 1228
1128 1139
1084 1170
1090 1116
1022 1067
1036 1068
1007 1224
1068 1137
1050 1153
1208 1225
1074 1082
1032 1089
1170 1208
1142 1211
1085 1220
1001 1028
1134 1209
1175 1225
1014 1029
1162 1172
1049 1123
1117 1215
1070 1103
1085 1129
1071 1227
1166 1219
1030 1162
1085 1128
1028 1211
1068 1140
1079 1152
1070 1106
1121 1220
1161 1227
1152 1166
1108 1115
1033 1199
1007 1219
1032 1197
1084 1103
1090 1123
1056 1102
1092 1127
1175 1212
1041 1162
1044 1169
1025 1101
1078 1138
1119 1166
1045 1239
1114 1132
1067 1145
1080 1225
1156 1198
1100 1113
1150 1170
1019 1198
1133 1153
1011 1166
1025 1067
1090 1145
1056 1174
1049 1193
1115 1144
1047 1075
1087 1161
1070 1088
1045 1096
1121 1141
1083 1106
1013 1165
1042 1188
1030 1085
1179 1188
1193 1240
1073 1122
1105 1144
1145 1161
1110 1123
1201 1231
1141 1166
1150 1229
1087 1141
1145 1203
1050 1198
1133 1175
1001 1014
1072 1117
1028 1076
1049 1108
1030 1089
1085 1175
1094 1174
1053 1146
1011 1093
1209 1219
1011 1123
1013 1179
1182 1225
1150 1178
1105 1239
1108 1160
1007 1150
1022 1149
1042 1098
1131 1201
1149 1225
1159 1211
1053 1111
1045 1079
1032 1150
1107 1115
1103 1163
1032 1178
1067 1072
1008 1150
1094 1123
1112 1172
1125 1231
1113 1135
1066 1231
1053 1121
1011 1115
1118 1170
1021 1152
1001 1115
1043 1133
1141 1191
1096 1165
1060 1078
1124 1208
1096 1171
1087 1124
1067 1143
1166 1208
1175 1185
1001 1186
1185 1210
1072 1084
1084 1085
1161 1181
1067 1131
1063 1111
1027 1089
1143 1191
1055 1139
1121 1138
1008 1087
1065 1211
1014 1050
1049 1070
1141 1231
1124 1134
1030 1110
1078 1198
1045 1103
1132 1228
1014 1137
1113 1133
1030 1121
1165 1176
1039 1135
1035 1101
1036 1067
1149 1244
1059 1154
1090 1140
1008 1165
1160 1174
1172 1191
1166 1240
1001 1070
1070 1080
1118 1210
1126 1228
1182 1227
1039 1209
1119 1244
1067 1100
1074 1146
1032 1112
1028 1120
1133 1163
1154 1220
1060 1119
1119 1131
1143 1162
1130 1211
1121 1163
1097 1138
1030 1078
1040 1041
1066 1191
1002 1244
1042 1186
1150 1171
1047 1210
1082 1172
1087 1133
1132 1141
1060 1224
1098 1160
1197 1215
1013 1032
1088 1168
1097 1214
1045 1114
1082 1164
1049 1086
1175 1188
1055 1212
1167 1209
1089 1227
1145 1163
1033 1164
1085 1172
1014 1169
1079 1143
1121 1244
1165 1167
1050 1119
1101 1168
1124 1156
1073 1170
1154 1197
1066 1086
1042 1152
1070 1171
1029 1080
1029 1044
1042 1167
1108 1121
1086 1215
1145 1176
1110 1156
1082 1166
1068 1113
1044 1119
1107 1148
1019 1142
1021 1149
1104 1227
1053 1178
1083 1144
1045 1130
1102 1104
1055 1109
1170 1227
1154 1170
1014 1166
1162 1176
1019 1134
1103 1160
1133 1170
1014 1228
1075 1163
1080 1112
1097 1117
1045 1137
1085 1214
1033 1118
1093 1156
1098 1211
1069 1097
1028 1215
1065 1111
1085 1108
1049 1154
1118 1231
1022 1228
1041 1065
1138 1167
1093 1125
1107 1127
1115 1199
1008 1193
1201 1227
1103 1141
1027 1095
1089 1142
1040 1162
1120 1149
1171 1240
1068 1130
1060 1144
1143 1170
1001 1143
1188 1209
1072 1079
1087 1170
1013 1138
1027 1144
1093 1098
1036 1069
1022 1148
1008 1107
1029 1135
1074 1141
1124 1198
1108 1220
1025 1229
1013 1065
1095 1124
1071 1126
1072 1188
1047 1170
1049 1160
1132 1146
1068 1080
1106 1138
1032 1083
1186 1229
1035 1066
1080 1171
1093 1203
1138 1142
1008 1064
1201 1209
1066 1188
1049 1197
1019 1072
1208 1212
1060 1220
1092 1240
1081 1148
1001 1071
1092 1146
1049 1055
1209 1239
1069 1075
1088 1094
1113 1215
1080 1208
1002 1225
1161 1170
1042 1228
1117 1123
1097 1108
1085 1178
1059 1160
1013 1071
1153 1172
1169 1244
1039 1044
1019 1104
1040 1055
1130 1170
1035 1239
1070 1227
1131 1197
1032 1219
1067 1168
1087 1122
1084 1148
1094 1107
1042 1120
1065 1101
1185 1228
1136 1140
1069 1212
1045 1225
1066 1185
1179 1201
1043 1065
1027 1078
1029 1137
1215 1220
1014 1212
1134 1214
1028 1040
1029 1043
1101 1175
1095 1110
1053 1190
1019 1074
1154 1212
1056 1086
1111 1156
1067 1141
1019 1231
1114 1117
1093 1111
1068 1073
1076 1149
1075 1197
1088 1150
1090 1156
1032 1164
1193 1203
1033 1064
1063 1210
1039 1132
1042 1178
1201 1214
1163 1185
1075 1087
1069 1096
1174 1224
1182 1229
1050 1101
1148 1201
1070 1093
1186 1209
1165 1229
1112 1139
1042 1179
1043 1186
1201 1244
1197 1231
1118 1123
1029 1178
1139 1188
1156 1197
1025 1182
1121 1131
1135 1145
1080 1191
1060 1146
1066 1193
1098 1124
1041 1152
1007 1071
1138 1164
1150 1163
1109 1198
1148 1182
1071 1139
1025 1086
1069 1083
1104 1167
1094 1163
1124 1162
1106 1185
1086 1188
1042 1224
1050 1143
1118 1128
1059 1102
1014 1100
1122 1225
1066 1084
1029 1228
1001 1087
1090 1224
1055 1166
1056 1107
1066 1169
1074 1132
1045 1084
1070 1133
1161 1162
1029 1210
1045 1131
1104 1175
1082 1143
1097 1225
1113 1129
1120 1166
1022 1108
1185 1191
1105 1193
1098 1101
1085 1113
1008 1011
1032 1211
1049 1231
1089 1167
1035 1186
1014 1041
1144 1199
1033 1209
1145 1164
1085 1188
1040 1125
1074 1142
1100 1131
1041 1133
1022 1060
1078 1219
1035 1219
1047 1090
1142 1214
1045 1228
1137 1144
1063 1140
1001 1176
1047 1055
1028 1124
1152 1159
1160 1210
1078 1127
1041 1167
1174 1219
1021 1068
1115 1182
1065 1085
1131 1225
1075 1140
1123 1136
1052 1228
1060 1131
1084 1109
1130 1144
1025 1145
1008 1083
1060 1141
1165 1212
1131 1188
1044 1131
1078 1114
1109 1144
1049 1141
1019 1129
1066 1139
1007 1076
1094 1127
1021 1198
1033 1080
1075 1162
1087 1146
1055 1203
1085 1094
1118 1228
1097 1164
1059 1167
1081 1101
1040 1136
1101 1208
1052 1053
1014 1067
1045 1088
1178 1229
1002 1176
1030 1075
1121 1133
1090 1198
1199 1244
1042 1115
1126 1240
1033 1231
1139 1231
1063 1172
1036 1174
1114 1156
1053 1142
1072 1139
1104 1143
1116 1159
1059 1182
1019 1143
1041 1209
1110 1161
1134 1159
1080 1161
1134 1174
1083 1201
1144 1225
1106 1135
1030 1239
1074 1080
1088 1190
1122 1136
1084 1101
1149 1228
1181 1211
1044 1109
1069 1210
1025 1089
1036 1142
1030 1138
1156 1170
1049 1100
1110 1121
1078 1090
1036 1181
1095 1131
1008 1182
1080 1231
1145 1220
1053 1168
1079 1135
1132 1139
1041 1105
1116 1133
1030 1045
1164 1198
1170 1220
1118 1201
1112 1140
1032 1082
1142 1162
1040 1179
1108 1133
1112 1212
1071 1224
1129 1210
1019 1227
1025 1176
1120 1125
1002 1108
1163 1231
1186 1203
1022 1068
1070 1224
1052 1088
1107 1161
1043 1137
1114 1193
1029 1199
1120 1208
1131 1172
1032 1106
1008 1211
1078 1103
1001 1163
1115 1138
1128 1149
1097 1137
1039 1193
1082 1163
1133 1209
1125 1228
1084 1146
1109 1228
1116 1148
1079 1129
1001 1025
1040 1131
1065 1092
1065 1072
1122 1164
1013 1080
1050 1123
1030 1070
1040 1050
1101 1114
1043 1172
1039 1095
1027 1043
1035 1198
1113 1154
1055 1239
1092 1128
1176 1185
1064 1150
1084 1118
1139 1175
1053 1165
1092 1110
1047 1071
1123 1231
1044 1112
1148 1186
1127 1176
1071 1097
1033 1159
1219 1228
1029 1136
1044 1231
1137 1190
1108 1148
1093 1109
1116 1186
1063 1240
1096 1210
1069 1229
1198 1209
1185 1198
1119 1176
1001 1150
1144 1212
1042 1135
1007 1133
1028 1043
1069 1179
1124 1140
1043 1092
1108 1140
1186 1214
1101 1127
1040 1045
1150 1220
1118 1150
1094 1166
1136 1186
1142 1150
1075 1128
1182 1239
1069 1127
1124 1139
1002 1185
1164 1186
1102 1140
1059 1068
1059 1105
1083 1166
1145 1169
1056 1170
1011 1101
1094 1212
1073 1199
1013 1211
1149 1208
1064 1181
1090 1115
1035 1137
1014 1086
1154 1219
1100 1182
1084 1225
1125 1208
1040 1129
1035 1163
1039 1047
1111 1182
1096 1135
1122 1127
1097 1142
1210 1220
1065 1159
1186 1199
1142 1199
1135 1225
1049 1225
1028 1088
1063 1127
1078 1120
1007 1080
1120 1124
1124 1170
1071 1118
1033 1172
1098 1171
1095 1219
1067 1164
1029 1128
1109 1135
1123 1164
1168 1209
1132 1160
1001 1011
1065 1134
1001 1190
1036 1208
1096 1185
1095 1112
1041 1132
1047 1228
1019 1076
1008 1065
1148 1224
1047 1182
1073 1185
1134 1168
1092 1098
1068 1191
1088 1181
1090 1168
1036 1126
1110 1166
1071 1186
1064 1228
1096 1211
1078 1110
1040 1145
1161 1203
1081 1211
1176 1224
1081 1181
1074 1225
1068 1171
1047 1159
1064 1156
1104 1229
1143 1153
1041 1123
1108 1172
1025 1130
1171 1212
1066 1198
1078 1239
1036 1130
1027 1101
1092 1208
1052 1114
1072 1136
1094 1227
1082 1138
1072 1074
1106 1142
1093 1190
1047 1089
1114 1129
1089 1209
1197 1240
1002 1110
1114 1211
1149 1176
1115 1145
1049 1191
1064 1121
1108 1175
1027 1045
1171 1229
1129 1215
1208 1209
1174 1176
1095 1123
1040 1166
1094 1132
1053 1080
1075 1160
1035 1168
1125 1162
1055 1072
1014 1039
1007 1093
1085 1198
1159 1212
1047 1086
1174 1211
1174 1215
1022 1154
1185 1239
1056 1113
1138 1188
1043 1165
1081 1224
1079 1167
1153 1182
1078 1146
1042 1153
1027 1208
1100 1139
1008 1021
1109 1152
1060 1075
1113 1156
1136 1227
1220 1231
1011 1045
1107 1145
1166 1228
1072 1083
1079 1105
1150 1201
1102 1111
1156 1164
1121 1160
1165 1231
1108 1164
1109 1191
1008 1186
1172 1224
1135 1179
1060 1182
1049 1066
1086 1170
1117 1152
1156 1210
1075 1081
1167 1211
1101 1103
1065 1164
1116 1132
1070 1145
1154 1175
1143 1176
1025 1096
1036 1229
1022 1212
1212 1220
1011 1089
1067 1225
1172 1225
1092 1212
1119 1133
1070 1166
1043 1089
1030 1107
1134 1169
1102 1244
1132 1164
1090 1154
1030 1146
1043 1117
1011 1110
1008 1093
1042 1131
1029 1100
1092 1113
1123 1244
1050 1215
1168 1170
1107 1193
1067 1201
1093 1133
1143 1210
1160 1209
1089 1097
1086 1100
1073 1140
1032 1042
1072 1093
1101 1201
1063 1085
1100 1144
1093 1114
1133 1134
1044 1225
1211 1224
1056 1070
1002 1231
1163 1244
1078 1160
1053 1071
1063 1104
1067 1092
1171 1186
1035 1201
1021 1220
1025 1102
1131 1143
1070 1087
1101 1172
1191 1227
1001 1131
1083 1231
1052 1108
1087 1172
1176 1212
1019 1174
1172 1190
1080 1123
1073 1078
1066 1119
1134 1197
1162 1169
1076 1211
1085 1100
1007 1078
1086 1210
1113 1178
1056 1171
1064 1166
1014 1118
1080 1103
1161 1164
1033 1088
1144 1169
1030 1163
1089 1181
1098 1148
1085 1152
1169 1172
1045 1118
1086 1174
1078 1087
1089 1116
1022 1142
1090 1136
1092 1107
1127 1209
1112 1123
1029 1208
1131 1137
1161 1179
1035 1068
1001 1142
1044 1082
1041 1219
1080 1159
1056 1181
1030 1134
1056 1124
1027 1231
1112 1162
1027 1137
1150 1211
1101 1152
1002 1042
1025 1239
1007 1084
1109 1123
1008 1129
1089 1129
1066 1115
1145 1188
1186 1201
1002 1209
1035 1074
1095 1162
1075 1149
1117 1203
1098 1229
1019 1203
1134 1201
1098 1224
1001 1 2
1001 1 3
1001 1 4
1001 1 5
1001 2 3
1001 2 4
1001 2 5
1001 3 4
1001 3 5
1001 4 5
1002 1 2
1002 1 3
1002 1 4
1002 1 5
1002 2 3
1002 2 4
1002 2 5
1002 3 4
1002 3 5
1002 4 5
1007 1 2
1007 1 3
1007 1 4
1007 1 5
1007 2 3
1007 2 4
1007 2 5
1007 3 4
1007 3 5
1007 4 5
1008 1 2
1008 1 3
1008 1 4
1008 1 5
1008 2 3
1008 2 4
1008 2 5
1008 3 4
1008 3 5
1008 4 5
1011 1 2
1011 1 3
1011 1 4
1011 1 5
1011 2 3
1011 2 4
1011 2 5
1011 3 4
1011 3 5
1011 4 5
1013 1 2
1013 1 3
1013 1 4
1013 1 5
1013 2 3
1013 2 4
1013 2 5
1013 3 4
1013 3 5
1013 4 5
1014 1 2
1014 1 3
1014 1 4
1014 1 5
1014 2 3
1014 2 4
1014 2 5
1014 3 4
1014 3 5
1014 4 5
1019 1 2
1019 1 3
1019 1 4
1019 1 5
1019 2 3
1019 2 4
1019 2 5
1019 3 4
1019 3 5
1019 4 5
1021 1 2
1021 1 3
1021 1 4
1021 1 5
1021 2 3
1021 2 4
1021 2 5
1021 3 4
1021 3 5
1021 4 5
1022 1 2
1022 1 3
1022 1 4
1022 1 5
1022 2 3
1022 2 4
1022 2 5
1022 3 4
1022 3 5
1022 4 5
1025 1 2
1025 1 3
1025 1 4
1025 1 5
1025 2 3
1025 2 4
1025 2 5
1025 3 4
1025 3 5
1025 4 5
1027 1 2
1027 1 3
1027 1 4
1027 1 5
1027 2 3
1027 2 4
1027 2 5
1027 3 4
1027 3 5
1027 4 5
1028 1 2
1028 1 3
1028 1 4
1028 1 5
1028 2 3
1028 2 4
1028 2 5
1028 3 4
1028 3 5
1028 4 5
1029 1 2
1029 1 3
1029 1 4
1029 1 5
1029 2 3
1029 2 4
1029 2 5
1029 3 4
1029 3 5
1029 4 5
1030 1 2
1030 1 3
1030 1 4
1030 1 5
1030 2 3
1030 2 4
1030 2 5
1030 3 4
1030 3 5
1030 4 5
1032 1 2
1032 1 3
1032 1 4
1032 1 5
1032 2 3
1032 2 4
1032 2 5
1032 3 4
1032 3 5
1032 4 5
1033 1 2
1033 1 3
1033 1 4
1033 1 5
1033 2 3
1033 2 4
1033 2 5
1033 3 4
1033 3 5
1033 4 5
1035 1 2
1035 1 3
1035 1 4
1035 1 5
1035 2 3
1035 2 4
1035 2 5
1035 3 4
1035 3 5
1035 4 5
1036 1 2
1036 1 3
1036 1 4
1036 1 5
1036 2 3
1036 2 4
1036 2 5
1036 3 4
1036 3 5
1036 4 5
1039 1 2
1039 1 3
1039 1 4
1039 1 5
1039 2 3
1039 2 4
1039 2 5
1039 3 4
1039 3 5
1039 4 5
1040 1 2
1040 1 3
1040 1 4
1040 1 5
1040 2 3
1040 2 4
1040 2 5
1040 3 4
1040 3 5
1040 4 5
1041 1 2
1041 1 3
1041 1 4
1041 1 5
1041 2 3
1041 2 4
1041 2 5
1041 3 4
1041 3 5
1041 4 5
1042 1 2
1042 1 3
1042 1 4
1042 1 5
1042 2 3
1042 2 4
1042 2 5
1042 3 4
1042 3 5
1042 4 5
1043 1 2
1043 1 3
1043 1 4
1043 1 5
1043 2 3
1043 2 4
1043 2 5
1043 3 4
1043 3 5
1043 4 5
1044 1 2
1044 1 3
1044 1 4
1044 1 5
1044 2 3
1044 2 4
1044 2 5
1044 3 4
1044 3 5
1044 4 5
1045 1 2
1045 1 3
1045 1 4
1045 1 5
1045 2 3
1045 2 4
1045 2 5
1045 3 4
1045 3 5
1045 4 5
1047 1 2
1047 1 3
1047 1 4
1047 1 5
1047 2 3
1047 2 4
1047 2 5
1047 3 4
1047 3 5
1047 4 5
1049 1 2
1049 1 3
1049 1 4
1049 1 5
1049 2 3
1049 2 4
1049 2 5
1049 3 4
1049 3 5
1049 4 5
1050 1 2
1050 1 3
1050 1 4
1050 1 5
1050 2 3
1050 2 4
1050 2 5
1050 3 4
1050 3 5
1050 4 5
1052 1 2
1052 1 3
1052 1 4
1052 1 5
1052 2 3
1052 2 4
1052 2 5
1052 3 4
1052 3 5
1052 4 5
1053 1 2
1053 1 3
1053 1 4
1053 1 5
1053 2 3
1053 2 4
1053 2 5
1053 3 4
1053 3 5
1053 4 5
1055 1 2
1055 1 3
1055 1 4
1055 1 5
1055 2 3
1055 2 4
1055 2 5
1055 3 4
1055 3 5
1055 4 5
1056 1 2
1056 1 3
1056 1 4
1056 1 5
1056 2 3
1056 2 4
1056 2 5
1056 3 4
1056 3 5
1056 4 5
1059 1 2
1059 1 3
1059 1 4
1059 1 5
1059 2 3
1059 2 4
1059 2 5
1059 3 4
1059 3 5
1059 4 5
1060 1 2
1060 1 3
1060 1 4
1060 1 5
1060 2 3
1060 2 4
1060 2 5
1060 3 4
1060 3 5
1060 4 5
1063 1 2
1063 1 3
1063 1 4
1063 1 5
1063 2 3
1063 2 4
1063 2 5
1063 3 4
1063 3 5
1063 4 5
1064 1 2
1064 1 3
1064 1 4
1064 1 5
1064 2 3
1064 2 4
1064 2 5
1064 3 4
1064 3 5
1064 4 5
1065 1 2
1065 1 3
1065 1 4
1065 1 5
1065 2 3
1065 2 4
1065 2 5
1065 3 4
1065 3 5
1065 4 5
1066 1 2
1066 1 3
1066 1 4
1066 1 5
1066 2 3
1066 2 4
1066 2 5
1066 3 4
1066 3 5
1066 4 5
1067 1 2
1067 1 3
1067 1 4
1067 1 5
1067 2 3
1067 2 4
1067 2 5
1067 3 4
1067 3 5
1067 4 5
1068 1 2
1068 1 3
1068 1 4
1068 1 5
1068 2 3
1068 2 4
1068 2 5
1068 3 4
1068 3 5
1068 4 5
1069 1 2
1069 1 3
1069 1 4
1069 1 5
1069 2 3
1069 2 4
1069 2 5
1069 3 4
1069 3 5
1069 4 5
1070 1 2
1070 1 3
1070 1 4
1070 1 5
1070 2 3
1070 2 4
1070 2 5
1070 3 4
1070 3 5
1070 4 5
1071 1 2
1071 1 3
1071 1 4
1071 1 5
1071 2 3
1071 2 4
1071 2 5
1071 3 4
1071 3 5
1071 4 5
1072 1 2
1072 1 3
1072 1 4
1072 1 5
1072 2 3
1072 2 4
1072 2 5
1072 3 4
1072 3 5
1072 4 5
1073 1 2
1073 1 3
1073 1 4
1073 1 5
1073 2 3
1073 2 4
1073 2 5
1073 3 4
1073 3 5
1073 4 5
1074 1 2
1074 1 3
1074 1 4
1074 1 5
1074 2 3
1074 2 4
1074 2 5
1074 3 4
1074 3 5
1074 4 5
1075 1 2
1075 1 3
1075 1 4
1075 1 5
1075 2 3
1075 2 4
1075 2 5
1075 3 4
1075 3 5
1075 4 5
1076 1 2
1076 1 3
1076 1 4
1076 1 5
1076 2 3
1076 2 4
1076 2 5
1076 3 4
1076 3 5
1076 4 5
1078 1 2
1078 1 3
1078 1 4
1078 1 5
1078 2 3
1078 2 4
1078 2 5
1078 3 4
1078 3 5
1078 4 5
1079 1 2
1079 1 3
1079 1 4
1079 1 5
1079 2 3
1079 2 4
1079 2 5
1079 3 4
1079 3 5
1079 4 5
1080 1 2
1080 1 3
1080 1 4
1080 1 5
1080 2 3
1080 2 4
1080 2 5
1080 3 4
1080 3 5
1080 4 5
1081 1 2
1081 1 3
1081 1 4
1081 1 5
1081 2 3
1081 2 4
1081 2 5
1081 3 4
1081 3 5
1081 4 5
1082 1 2
1082 1 3
1082 1 4
1082 1 5
1082 2 3
1082 2 4
1082 2 5
1082 3 4
1082 3 5
1082 4 5
1083 1 2
1083 1 3
1083 1 4
1083 1 5
1083 2 3
1083 2 4
1083 2 5
1083 3 4
1083 3 5
1083 4 5
1084 1 2
1084 1 3
1084 1 4
1084 1 5
1084 2 3
1084 2 4
1084 2 5
1084 3 4
1084 3 5
1084 4 5
1085 1 2
1085 1 3
1085 1 4
1085 1 5
1085 2 3
1085 2 4
1085 2 5
1085 3 4
1085 3 5
1085 4 5
1086 1 2
1086 1 3
1086 1 4
1086 1 5
1086 2 3
1086 2 4
1086 2 5
1086 3 4
1086 3 5
1086 4 5
1087 1 2
1087 1 3
1087 1 4
1087 1 5
1087 2 3
1087 2 4
1087 2 5
1087 3 4
1087 3 5
1087 4 5
1088 1 2
1088 1 3
1088 1 4
1088 1 5
1088 2 3
1088 2 4
1088 2 5
1088 3 4
1088 3 5
1088 4 5
1089 1 2
1089 1 3
1089 1 4
1089 1 5
1089 2 3
1089 2 4
1089 2 5
1089 3 4
1089 3 5
1089 4 5
1090 1 2
1090 1 3
1090 1 4
1090 1 5
1090 2 3
1090 2 4
1090 2 5
1090 3 4
1090 3 5
1090 4 5
1092 1 2
1092 1 3
1092 1 4
1092 1 5
1092 2 3
1092 2 4
1092 2 5
1092 3 4
1092 3 5
1092 4 5
1093 1 2
1093 1 3
1093 1 4
1093 1 5
1093 2 3
1093 2 4
1093 2 5
1093 3 4
1093 3 5
1093 4 5
1094 1 2
1094 1 3
1094 1 4
1094 1 5
1094 2 3
1094 2 4
1094 2 5
1094 3 4
1094 3 5
1094 4 5
1095 1 2
1095 1 3
1095 1 4
1095 1 5
1095 2 3
1095 2 4
1095 2 5
1095 3 4
1095 3 5
1095 4 5
1096 1 2
1096 1 3
1096 1 4
1096 1 5
1096 2 3
1096 2 4
1096 2 5
1096 3 4
1096 3 5
1096 4 5
1097 1 2
1097 1 3
1097 1 4
1097 1 5
1097 2 3
1097 2 4
1097 2 5
1097 3 4
1097 3 5
1097 4 5
1098 1 2
1098 1 3
1098 1 4
1098 1 5
1098 2 3
1098 2 4
1098 2 5
1098 3 4
1098 3 5
1098 4 5
1100 1 2
1100 1 3
1100 1 4
1100 1 5
1100 2 3
1100 2 4
1100 2 5
1100 3 4
1100 3 5
1100 4 5
1101 1 2
1101 1 3
1101 1 4
1101 1 5
1101 2 3
1101 2 4
1101 2 5
1101 3 4
1101 3 5
1101 4 5
1102 1 2
1102 1 3
1102 1 4
1102 1 5
1102 2 3
1102 2 4
1102 2 5
1102 3 4
1102 3 5
1102 4 5
1103 1 2
1103 1 3
1103 1 4
1103 1 5
1103 2 3
1103 2 4
1103 2 5
1103 3 4
1103 3 5
1103 4 5
1104 1 2
1104 1 3
1104 1 4
1104 1 5
1104 2 3
1104 2 4
1104 2 5
1104 3 4
1104 3 5
1104 4 5
1105 1 2
1105 1 3
1105 1 4
1105 1 5
1105 2 3
1105 2 4
1105 2 5
1105 3 4
1105 3 5
1105 4 5
1106 1 2
1106 1 3
1106 1 4
1106 1 5
1106 2 3
1106 2 4
1106 2 5
1106 3 4
1106 3 5
1106 4 5
1107 1 2
1107 1 3
1107 1 4
1107 1 5
1107 2 3
1107 2 4
1107 2 5
1107 3 4
1107 3 5
1107 4 5
1108 1 2
1108 1 3
1108 1 4
1108 1 5
1108 2 3
1108 2 4
1108 2 5
1108 3 4
1108 3 5
1108 4 5
1109 1 2
1109 1 3
1109 1 4
1109 1 5
1109 2 3
1109 2 4
1109 2 5
1109 3 4
1109 3 5
1109 4 5
1110 1 2
1110 1 3
1110 1 4
1110 1 5
1110 2 3
1110 2 4
1110 2 5
1110 3 4
1110 3 5
1110 4 5
1111 1 2
1111 1 3
1111 1 4
1111 1 5
1111 2 3
1111 2 4
1111 2 5
1111 3 4
1111 3 5
1111 4 5
1112 1 2
1112 1 3
1112 1 4
1112 1 5
1112 2 3
1112 2 4
1112 2 5
1112 3 4
1112 3 5
1112 4 5
1113 1 2
1113 1 3
1113 1 4
1113 1 5
1113 2 3
1113 2 4
1113 2 5
1113 3 4
1113 3 5
1113 4 5
1114 1 2
1114 1 3
1114 1 4
1114 1 5
1114 2 3
1114 2 4
1114 2 5
1114 3 4
1114 3 5
1114 4 5
1115 1 2
1115 1 3
1115 1 4
1115 1 5
1115 2 3
1115 2 4
1115 2 5
1115 3 4
1115 3 5
1115 4 5
1116 1 2
1116 1 3
1116 1 4
1116 1 5
1116 2 3
1116 2 4
1116 2 5
1116 3 4
1116 3 5
1116 4 5
1117 1 2
1117 1 3
1117 1 4
1117 1 5
1117 2 3
1117 2 4
1117 2 5
1117 3 4
1117 3 5
1117 4 5
1118 1 2
1118 1 3
1118 1 4
1118 1 5
1118 2 3
1118 2 4
1118 2 5
1118 3 4
1118 3 5
1118 4 5
1119 1 2
1119 1 3
1119 1 4
1119 1 5
1119 2 3
1119 2 4
1119 2 5
1119 3 4
1119 3 5
1119 4 5
1120 1 2
1120 1 3
1120 1 4
1120 1 5
1120 2 3
1120 2 4
1120 2 5
1120 3 4
1120 3 5
1120 4 5
1121 1 2
1121 1 3
1121 1 4
1121 1 5
1121 2 3
1121 2 4
1121 2 5
1121 3 4
1121 3 5
1121 4 5
1122 1 2
1122 1 3
1122 1 4
1122 1 5
1122 2 3
1122 2 4
1122 2 5
1122 3 4
1122 3 5
1122 4 5
1123 1 2
1123 1 3
1123 1 4
1123 1 5
1123 2 3
1123 2 4
1123 2 5
1123 3 4
1123 3 5
1123 4 5
1124 1 2
1124 1 3
1124 1 4
1124 1 5
1124 2 3
1124 2 4
1124 2 5
1124 3 4
1124 3 5
1124 4 5
1125 1 2
1125 1 3
1125 1 4
1125 1 5
1125 2 3
1125 2 4
1125 2 5
1125 3 4
1125 3 5
1125 4 5
1126 1 2
1126 1 3
1126 1 4
1126 1 5
1126 2 3
1126 2 4
1126 2 5
1126 3 4
1126 3 5
1126 4 5
1127 1 2
1127 1 3
1127 1 4
1127 1 5
1127 2 3
1127 2 4
1127 2 5
1127 3 4
1127 3 5
1127 4 5
1128 1 2
1128 1 3
1128 1 4
1128 1 5
1128 2 3
1128 2 4
1128 2 5
1128 3 4
1128 3 5
1128 4 5
1129 1 2
1129 1 3
1129 1 4
1129 1 5
1129 2 3
1129 2 4
1129 2 5
1129 3 4
1129 3 5
1129 4 5
1130 1 2
1130 1 3
1130 1 4
1130 1 5
1130 2 3
1130 2 4
1130 2 5
1130 3 4
1130 3 5
1130 4 5
1131 1 2
1131 1 3
1131 1 4
1131 1 5
1131 2 3
1131 2 4
1131 2 5
1131 3 4
1131 3 5
1131 4 5
1132 1 2
1132 1 3
1132 1 4
1132 1 5
1132 2 3
1132 2 4
1132 2 5
1132 3 4
1132 3 5
1132 4 5
1133 1 2
1133 1 3
1133 1 4
1133 1 5
1133 2 3
1133 2 4
1133 2 5
1133 3 4
1133 3 5
1133 4 5
1134 1 2
1134 1 3
1134 1 4
1134 1 5
1134 2 3
1134 2 4
1134 2 5
1134 3 4
1134 3 5
1134 4 5
1135 1 2
1135 1 3
1135 1 4
1135 1 5
1135 2 3
1135 2 4
1135 2 5
1135 3 4
1135 3 5
1135 4 5
1136 1 2
1136 1 3
1136 1 4
1136 1 5
1136 2 3
1136 2 4
1136 2 5
1136 3 4
1136 3 5
1136 4 5
1137 1 2
1137 1 3
1137 1 4
1137 1 5
1137 2 3
1137 2 4
1137 2 5
1137 3 4
1137 3 5
1137 4 5
1138 1 2
1138 1 3
1138 1 4
1138 1 5
1138 2 3
1138 2 4
1138 2 5
1138 3 4
1138 3 5
1138 4 5
1139 1 2
1139 1 3
1139 1 4
1139 1 5
1139 2 3
1139 2 4
1139 2 5
1139 3 4
1139 3 5
1139 4 5
1140 1 2
1140 1 3
1140 1 4
1140 1 5
1140 2 3
1140 2 4
1140 2 5
1140 3 4
1140 3 5
1140 4 5
1141 1 2
1141 1 3
1141 1 4
1141 1 5
1141 2 3
1141 2 4
1141 2 5
1141 3 4
1141 3 5
1141 4 5
1142 1 2
1142 1 3
1142 1 4
1142 1 5
1142 2 3
1142 2 4
1142 2 5
1142 3 4
1142 3 5
1142 4 5
1143 1 2
1143 1 3
1143 1 4
1143 1 5
1143 2 3
1143 2 4
1143 2 5
1143 3 4
1143 3 5
1143 4 5
1144 1 2
1144 1 3
1144 1 4
1144 1 5
1144 2 3
1144 2 4
1144 2 5
1144 3 4
1144 3 5
1144 4 5
1145 1 2
1145 1 3
1145 1 4
1145 1 5
1145 2 3
1145 2 4
1145 2 5
1145 3 4
1145 3 5
1145 4 5
1146 1 2
1146 1 3
1146 1 4
1146 1 5
1146 2 3
1146 2 4
1146 2 5
1146 3 4
1146 3 5
1146 4 5
1148 1 2
1148 1 3
1148 1 4
1148 1 5
1148 2 3
1148 2 4
1148 2 5
1148 3 4
1148 3 5
1148 4 5
1149 1 2
1149 1 3
1149 1 4
1149 1 5
1149 2 3
1149 2 4
1149 2 5
1149 3 4
1149 3 5
1149 4 5
1150 1 2
1150 1 3
1150 1 4
1150 1 5
1150 2 3
1150 2 4
1150 2 5
1150 3 4
1150 3 5
1150 4 5
1152 1 2
1152 1 3
1152 1 4
1152 1 5
1152 2 3
1152 2 4
1152 2 5
1152 3 4
1152 3 5
1152 4 5
1153 1 2
1153 1 3
1153 1 4
1153 1 5
1153 2 3
1153 2 4
1153 2 5
1153 3 4
1153 3 5
1153 4 5
1154 1 2
1154 1 3
1154 1 4
1154 1 5
1154 2 3
1154 2 4
1154 2 5
1154 3 4
1154 3 5
1154 4 5
1156 1 2
1156 1 3
1156 1 4
1156 1 5
1156 2 3
1156 2 4
1156 2 5
1156 3 4
1156 3 5
1156 4 5
1159 1 2
1159 1 3
1159 1 4
1159 1 5
1159 2 3
1159 2 4
1159 2 5
1159 3 4
1159 3 5
1159 4 5
1160 1 2
1160 1 3
1160 1 4
1160 1 5
1160 2 3
1160 2 4
1160 2 5
1160 3 4
1160 3 5
1160 4 5
1161 1 2
1161 1 3
1161 1 4
1161 1 5
1161 2 3
1161 2 4
1161 2 5
1161 3 4
1161 3 5
1161 4 5
1162 1 2
1162 1 3
1162 1 4
1162 1 5
1162 2 3
1162 2 4
1162 2 5
1162 3 4
1162 3 5
1162 4 5
1163 1 2
1163 1 3
1163 1 4
1163 1 5
1163 2 3
1163 2 4
1163 2 5
1163 3 4
1163 3 5
1163 4 5
1164 1 2
1164 1 3
1164 1 4
1164 1 5
1164 2 3
1164 2 4
1164 2 5
1164 3 4
1164 3 5
1164 4 5
1165 1 2
1165 1 3
1165 1 4
1165 1 5
1165 2 3
1165 2 4
1165 2 5
1165 3 4
1165 3 5
1165 4 5
1166 1 2
1166 1 3
1166 1 4
1166 1 5
1166 2 3
1166 2 4
1166 2 5
1166 3 4
1166 3 5
1166 4 5
1167 1 2
1167 1 3
1167 1 4
1167 1 5
1167 2 3
1167 2 4
1167 2 5
1167 3 4
1167 3 5
1167 4 5
1168 1 2
1168 1 3
1168 1 4
1168 1 5
1168 2 3
1168 2 4
1168 2 5
1168 3 4
1168 3 5
1168 4 5
1169 1 2
1169 1 3
1169 1 4
1169 1 5
1169 2 3
1169 2 4
1169 2 5
1169 3 4
1169 3 5
1169 4 5
1170 1 2
1170 1 3
1170 1 4
1170 1 5
1170 2 3
1170 2 4
1170 2 5
1170 3 4
1170 3 5
1170 4 5
1171 1 2
1171 1 3
1171 1 4
1171 1 5
1171 2 3
1171 2 4
1171 2 5
1171 3 4
1171 3 5
1171 4 5
1172 1 2
1172 1 3
1172 1 4
1172 1 5
1172 2 3
1172 2 4
1172 2 5
1172 3 4
1172 3 5
1172 4 5
1174 1 2
1174 1 3
1174 1 4
1174 1 5
1174 2 3
1174 2 4
1174 2 5
1174 3 4
1174 3 5
1174 4 5
1175 1 2
1175 1 3
1175 1 4
1175 1 5
1175 2 3
1175 2 4
1175 2 5
1175 3 4
1175 3 5
1175 4 5
1176 1 2
1176 1 3
1176 1 4
1176 1 5
1176 2 3
1176 2 4
1176 2 5
1176 3 4
1176 3 5
1176 4 5
1178 1 2
1178 1 3
1178 1 4
1178 1 5
1178 2 3
1178 2 4
1178 2 5
1178 3 4
1178 3 5
1178 4 5
1179 1 2
1179 1 3
1179 1 4
1179 1 5
1179 2 3
1179 2 4
1179 2 5
1179 3 4
1179 3 5
1179 4 5
1181 1 2
1181 1 3
1181 1 4
1181 1 5
1181 2 3
1181 2 4
1181 2 5
1181 3 4
1181 3 5
1181 4 5
1182 1 2
1182 1 3
1182 1 4
1182 1 5
1182 2 3
1182 2 4
1182 2 5
1182 3 4
1182 3 5
1182 4 5
1185 1 2
1185 1 3
1185 1 4
1185 1 5
1185 2 3
1185 2 4
1185 2 5
1185 3 4
1185 3 5
1185 4 5
1186 1 2
1186 1 3
1186 1 4
1186 1 5
1186 2 3
1186 2 4
1186 2 5
1186 3 4
1186 3 5
1186 4 5
1188 1 2
1188 1 3
1188 1 4
1188 1 5
1188 2 3
1188 2 4
1188 2 5
1188 3 4
1188 3 5
1188 4 5
1190 1 2
1190 1 3
1190 1 4
1190 1 5
1190 2 3
1190 2 4
1190 2 5
1190 3 4
1190 3 5
1190 4 5
1191 1 2
1191 1 3
1191 1 4
1191 1 5
1191 2 3
1191 2 4
1191 2 5
1191 3 4
1191 3 5
1191 4 5
1193 1 2
1193 1 3
1193 1 4
1193 1 5
1193 2 3
1193 2 4
1193 2 5
1193 3 4
1193 3 5
1193 4 5
1197 1 2
1197 1 3
1197 1 4
1197 1 5
1197 2 3
1197 2 4
1197 2 5
1197 3 4
1197 3 5
1197 4 5
1198 1 2
1198 1 3
1198 1 4
1198 1 5
1198 2 3
1198 2 4
1198 2 5
1198 3 4
1198 3 5
1198 4 5
1199 1 2
1199 1 3
1199 1 4
1199 1 5
1199 2 3
1199 2 4
1199 2 5
1199 3 4
1199 3 5
1199 4 5
1201 1 2
1201 1 3
1201 1 4
1201 1 5
1201 2 3
1201 2 4
1201 2 5
1201 3 4
1201 3 5
1201 4 5
1203 1 2
1203 1 3
1203 1 4
1203 1 5
1203 2 3
1203 2 4
1203 2 5
1203 3 4
1203 3 5
1203 4 5
1208 1 2
1208 1 3
1208 1 4
1208 1 5
1208 2 3
1208 2 4
1208 2 5
1208 3 4
1208 3 5
1208 4 5
1209 1 2
1209 1 3
1209 1 4
1209 1 5
1209 2 3
1209 2 4
1209 2 5
1209 3 4
1209 3 5
1209 4 5
1210 1 2
1210 1 3
1210 1 4
1210 1 5
1210 2 3
1210 2 4
1210 2 5
1210 3 4
1210 3 5
1210 4 5
1211 1 2
1211 1 3
1211 1 4
1211 1 5
1211 2 3
1211 2 4
1211 2 5
1211 3 4
1211 3 5
1211 4 5
1212 1 2
1212 1 3
1212 1 4
1212 1 5
1212 2 3
1212 2 4
1212 2 5
1212 3 4
1212 3 5
1212 4 5
1214 1 2
1214 1 3
1214 1 4
1214 1 5
1214 2 3
1214 2 4
1214 2 5
1214 3 4
1214 3 5
1214 4 5
1215 1 2
1215 1 3
1215 1 4
1215 1 5
1215 2 3
1215 2 4
1215 2 5
1215 3 4
1215 3 5
1215 4 5
1219 1 2
1219 1 3
1219 1 4
1219 1 5
1219 2 3
1219 2 4
1219 2 5
1219 3 4
1219 3 5
1219 4 5
1220 1 2
1220 1 3
1220 1 4
1220 1 5
1220 2 3
1220 2 4
1220 2 5
1220 3 4
1220 3 5
1220 4 5
1224 1 2
1224 1 3
1224 1 4
1224 1 5
1224 2 3
1224 2 4
1224 2 5
1224 3 4
1224 3 5
1224 4 5
1225 1 2
1225 1 3
1225 1 4
1225 1 5
1225 2 3
1225 2 4
1225 2 5
1225 3 4
1225 3 5
1225 4 5
1227 1 2
1227 1 3
1227 1 4
1227 1 5
1227 2 3
1227 2 4
1227 2 5
1227 3 4
1227 3 5
1227 4 5
1228 1 2
1228 1 3
1228 1 4
1228 1 5
1228 2 3
1228 2 4
1228 2 5
1228 3 4
1228 3 5
1228 4 5
1229 1 2
1229 1 3
1229 1 4
1229 1 5
1229 2 3
1229 2 4
1229 2 5
1229 3 4
1229 3 5
1229 4 5
1231 1 2
1231 1 3
1231 1 4
1231 1 5
1231 2 3
1231 2 4
1231 2 5
1231 3 4
1231 3 5
1231 4 5
1239 1 2
1239 1 3
1239 1 4
1239 1 5
1239 2 3
1239 2 4
1239 2 5
1239 3 4
1239 3 5
1239 4 5
1240 1 2
1240 1 3
1240 1 4
1240 1 5
1240 2 3
1240 2 4
1240 2 5
1240 3 4
1240 3 5
1240 4 5
1244 1 2
1244 1 3
1244 1 4
1244 1 5
1244 2 3
1244 2 4
1244 2 5
1244 3 4
1244 3 5
1244 4 5
