1002 1064
1105 1198
1076 1182
1008 1019
1025 1066
1014 1165
1094 1143
1041 1122
1028 1162
1083 1112
1162 1215
1095 1174
1107 1141
1041 1135
1036 1197
1008 1074
1103 1134
1080 1124
1076 1176
1139 1145
1176 1229
1118 1198
1042 1170
1105 1124
1118 1182
1090 1137
1130 1174
1161 1178
1098 1150
1002 1142
1033 1156
1007 1086
1163 1225
1076 1143
1125 1126
1073 1107
1078 1169
1069 1164
1146 1160
1141 1212
1097 1193
1049 1102
1049 1092
1042 1142
1109 1145
1121 1136
1130 1160
1127 1132
1043 1115
1125 1229
1097 1123
1041 1081
1064 1160
1072 1179
1079 1127
1084 1124
1056 1178
1049 1083
1109 1123
1162 1244
1092 1125
1092 1108
1114 1209
1063 1167
1072 1174
1080 1131
1161 1168
1072 1130
1098 1122
1073 1129
1085 1225
1008 1132
1126 1129
1104 1118
1036 1069
1002 1073
1118 1215
1087 1171
1101 1164
1097 1191
1113 1227
1144 1171
1103 1128
1025 1154
1110 1168
1071 1227
1098 1168
1100 1186
1105 1112
1013 1047
1040 1113
1032 1044
1160 1199
1080 1244
1104 1132
1103 1149
1019 1052
1040 1128
1047 1111
1153 1161
1040 1209
1042 1182
1104 1175
1100 1165
1108 1209
1132 1188
1112 1169
1002 1149
1089 1168
1154 1239
1021 1030
1085 1203
1160 1228
1036 1040
1082 1102
1027 1074
1116 1119
1052 1123
1033 1190
1182 1239
1110 1123
1130 1138
1105 1165
1106 1159
1082 1191
1033 1240
1078 1101
1086 1134
1130 1178
1036 1098
1082 1130
1126 1169
1059 1156
1084 1210
1110 1197
1036 1090
1098 1179
1001 1007
1080 1152
1087 1170
1001 1135
1144 1211
1131 1164
1120 1153
1122 1190
1063 1146
1029 1130
1059 1106
1098 1201
1160 1193
1021 1063
1114 1121
1011 1172
1117 1130
1073 1153
1008 1201
1133 1137
1030 1156
1025 1052
1044 1239
1052 1106
1093 1131
1104 1146
1188 1201
1193 1219
1117 1126
1045 1103
1167 1193
1067 1153
1039 1140
1096 1144
1002 1076
1008 1163
1033 1063
1036 1043
1110 1193
1071 1092
1133 1176
1065 1100
1131 1219
1115 1159
1089 1123
1030 1086
1082 1118
1073 1125
1064 1080
1021 1053
1043 1164
1055 1129
1063 1154
1028 1220
1052 1131
1045 1209
1128 1144
1056 1076
1227 1229
1044 1139
1119 1225
1093 1160
1002 1124
1107 1198
1002 1090
1105 1115
1140 1167
1069 1188
1096 1159
1089 1140
1040 1138
1121 1162
1047 1130
1154 1164
1049 1143
1083 1093
1055 1086
1041 1130
1084 1106
1022 1107
1028 1045
1021 1073
1050 1191
1126 1168
1080 1113
1137 1176
1178 1214
1053 1123
1039 1179
1080 1191
1059 1086
1135 1224
1043 1166
1132 1175
1088 1212
1110 1140
1056 1084
1001 1172
1035 1075
1079 1136
1007 1030
1084 1169
1045 1100
1106 1181
1140 1191
1007 1041
1055 1211
1068 1138
1014 1214
1014 1198
1014 1076
1145 1152
1171 1179
1065 1094
1052 1060
1085 1086
1122 1150
1123 1165
1136 1165
1123 1156
1001 1125
1152 1154
1002 1123
1007 1121
1108 1212
1083 1097
1081 1132
1078 1174
1013 1146
1040 1168
1025 1074
1182 1215
1014 1040
1013 1056
1101 1140
1056 1079
1027 1080
1096 1224
1114 1142
1124 1170
1044 1132
1199 1211
1066 1102
1092 1228
1118 1136
1160 1212
1027 1124
1043 1082
1215 1224
1186 1188
1055 1176
1144 1166
1041 1115
1039 1168
1182 1210
1163 1210
1096 1229
1078 1197
1059 1139
1117 1208
1120 1170
1007 1112
1011 1118
1052 1219
1123 1143
1095 1199
1176 1190
1029 1219
1093 1228
1050 1120
1019 1094
1138 1197
1089 1148
1049 1197
1030 1188
1055 1146
1013 1175
1098 1229
1042 1049
1115 1212
1049 1119
1067 1239
1011 1171
1007 1140
1033 1132
1044 1148
1013 1153
1053 1212
1011 1078
1021 1171
1014 1063
1144 1227
1050 1163
1089 1153
1063 1135
1162 1240
1113 1129
1140 1193
1090 1140
1105 1107
1064 1219
1039 1231
1027 1114
1032 1076
1156 1224
1007 1215
1138 1212
1080 1188
1124 1156
1071 1084
1056 1089
1115 1160
1059 1152
1084 1228
1140 1211
1130 1163
1041 1224
1069 1172
1128 1134
1029 1104
1115 1165
1137 1227
1078 1119
1086 1165
1132 1178
1175 1193
1120 1228
1056 1145
1078 1113
1043 1044
1079 1105
1014 1166
1011 1170
1096 1103
1093 1166
1014 1240
1092 1167
1083 1128
1133 1159
1097 1106
1044 1142
1022 1073
1013 1059
1094 1120
1106 1116
1044 1211
1068 1086
1060 1079
1019 1032
1013 1228
1025 1118
1102 1228
1039 1126
1041 1086
1001 1162
1110 1136
1085 1122
1198 1228
1112 1178
1126 1220
1064 1240
1027 1182
1035 1094
1109 1125
1101 1178
1013 1042
1064 1065
1075 1208
1117 1203
1028 1203
1075 1102
1014 1052
1120 1122
1185 1201
1041 1064
1014 1208
1014 1168
1150 1178
1036 1064
1162 1224
1055 1109
1163 1227
1055 1162
1013 1103
1092 1185
1084 1143
1143 1228
1035 1175
1199 1225
1193 1201
1167 1220
1128 1197
1107 1176
1039 1049
1002 1082
1036 1141
1082 1095
1022 1094
1132 1141
1144 1214
1053 1161
1073 1101
1001 1070
1050 1110
1075 1079
1043 1136
1103 1136
1208 1228
1086 1115
1043 1193
1150 1160
1013 1114
1094 1140
1159 1199
1079 1162
1162 1167
1044 1127
1080 1209
1144 1191
1036 1244
1126 1185
1027 1231
1069 1154
1136 1161
1106 1136
1076 1117
1215 1227
1014 1142
1198 1229
1007 1055
1130 1154
1002 1072
1083 1164
1025 1089
1088 1124
1093 1185
1112 1197
1050 1084
1145 1191
1118 1167
1021 1148
1045 1104
1143 1168
1022 1128
1119 1199
1021 1169
1116 1121
1100 1108
1116 1220
1150 1176
1032 1117
1002 1159
1127 1178
1073 1135
1022 1090
1019 1137
1022 1203
1030 1145
1166 1182
1045 1176
1089 1161
1131 1136
1041 1176
1109 1154
1065 1133
1050 1085
1097 1201
1064 1138
1025 1080
1168 1175
1079 1159
1078 1125
1052 1150
1185 1198
1133 1138
1043 1231
1082 1083
1083 1152
1162 1225
1044 1072
1043 1172
1050 1070
1084 1114
1063 1069
1041 1191
1101 1201
1043 1102
1181 1208
1076 1092
1068 1111
1085 1144
1092 1118
1122 1145
1136 1182
1029 1198
1019 1135
1050 1113
1090 1142
1063 1071
1146 1225
1011 1178
1174 1185
1100 1142
1092 1175
1028 1171
1007 1106
1085 1240
1007 1120
1106 1193
1036 1182
1042 1163
1191 1227
1032 1190
1120 1175
1008 1094
1049 1224
1163 1175
1043 1186
1025 1112
1090 1129
1096 1133
1134 1219
1139 1212
1011 1115
1114 1115
1131 1190
1074 1095
1014 1094
1019 1159
1035 1126
1117 1119
1065 1229
1125 1168
1028 1168
1109 1198
1028 1212
1127 1175
1082 1148
1160 1239
1014 1100
1149 1170
1056 1224
1013 1144
1162 1178
1096 1186
1067 1117
1088 1193
1182 1212
1039 1059
1008 1055
1029 1076
1060 1114
1134 1231
1069 1144
1095 1108
1063 1198
1127 1135
1114 1210
1025 1165
1019 1191
1098 1112
1060 1179
1022 1065
1093 1118
1092 1224
1142 1176
1089 1220
1074 1128
1086 1112
1166 1244
1079 1107
1055 1178
1167 1176
1170 1199
1138 1214
1110 1199
1098 1169
1109 1162
1068 1211
1065 1067
1039 1053
1135 1186
1150 1211
1153 1198
1022 1032
1011 1193
1030 1055
1080 1104
1013 1197
1001 1186
1019 1167
1089 1227
1011 1156
1097 1167
1085 1229
1014 1069
1041 1090
1055 1228
1025 1179
1110 1134
1069 1209
1002 1111
1101 1199
1135 1145
1027 1225
1121 1212
1042 1100
1007 1019
1080 1139
1148 1176
1114 1212
1065 1130
1106 1224
1073 1185
1069 1117
1150 1168
1086 1114
1117 1127
1106 1149
1028 1064
1103 1129
1064 1103
1025 1199
1095 1109
1075 1150
1013 1095
1079 1150
1050 1090
1129 1188
1001 1165
1035 1139
1134 1203
1039 1041
1050 1135
1055 1080
1119 1188
1085 1108
1121 1228
1019 1078
1033 1144
1093 1153
1013 1092
1110 1156
1089 1109
1119 1148
1029 1171
1109 1178
1112 1171
1134 1193
1067 1224
1033 1073
1049 1063
1050 1181
1069 1112
1056 1212
1174 1227
1148 1199
1045 1126
1041 1120
1143 1160
1144 1178
1049 1165
1014 1105
1116 1138
1027 1050
1071 1123
1069 1078
1089 1117
1025 1172
1088 1143
1027 1075
1022 1168
1069 1088
1043 1215
1149 1208
1078 1148
1069 1149
1049 1136
1072 1104
1115 1215
1030 1119
1002 1190
1105 1113
1171 1211
1066 1092
1141 1171
1073 1079
1141 1203
1075 1108
1144 1168
1104 1134
1103 1105
1001 1095
1081 1109
1066 1076
1093 1096
1081 1159
1036 1167
1082 1160
1130 1159
1001 1101
1025 1135
1114 1231
1002 1150
1028 1055
1050 1153
1138 1220
1090 1111
1002 1083
1049 1171
1033 1140
1044 1095
1007 1065
1124 1142
1113 1127
1106 1175
1122 1208
1188 1224
1231 1240
1063 1066
1007 1083
1001 1039
1001 1130
1030 1096
1028 1175
1078 1105
1066 1150
1087 1149
1044 1113
1087 1132
1086 1137
1178 1220
1014 1129
1007 1143
1030 1101
1079 1100
1125 1225
1049 1085
1033 1111
1013 1105
1149 1152
1041 1102
1092 1138
1035 1182
1041 1049
1109 1186
1029 1083
1122 1172
1019 1193
1162 1174
1095 1239
1045 1052
1130 1179
1007 1115
1112 1140
1193 1239
1090 1148
1106 1132
1071 1114
1111 1228
1001 1132
1169 1227
1019 1143
1030 1092
1146 1208
1219 1239
1027 1138
1096 1212
1008 1056
1028 1130
1032 1178
1094 1201
1128 1153
1127 1197
1074 1152
1115 1137
1044 1064
1156 1161
1164 1239
1019 1028
1052 1116
1043 1124
1036 1142
1112 1244
1056 1209
1029 1040
1030 1035
1135 1164
1148 1162
1078 1100
1002 1119
1066 1128
1169 1186
1149 1198
1043 1148
1135 1161
1174 1193
1114 1133
1138 1174
1002 1094
1152 1181
1014 1074
1045 1050
1073 1191
1156 1182
1083 1244
1043 1227
1025 1190
1029 1059
1043 1123
1067 1214
1063 1225
1066 1240
1089 1165
1069 1108
1001 1231
1007 1178
1064 1097
1160 1210
1080 1225
1138 1228
1050 1171
1045 1129
1131 1244
1114 1168
1063 1176
1132 1186
1167 1182
1071 1117
1066 1214
1070 1086
1102 1118
1019 1220
1107 1165
1025 1210
1074 1160
1042 1137
1086 1171
1039 1141
1149 1201
1013 1066
1032 1137
1090 1175
1045 1136
1027 1126
1033 1052
1149 1228
1047 1053
1040 1121
1096 1127
1001 1090
1014 1114
1049 1095
1039 1084
1101 1240
1102 1175
1209 1215
1082 1169
1167 1197
1079 1130
1127 1201
1170 1244
1060 1138
1086 1240
1047 1182
1021 1105
1059 1114
1182 1191
1093 1229
1113 1198
1067 1112
1090 1107
1044 1102
1072 1131
1049 1166
1121 1229
1108 1175
1028 1053
1013 1140
1197 1228
1108 1188
1123 1154
1105 1138
1132 1231
1029 1164
1035 1066
1131 1211
1070 1162
1032 1197
1105 1215
1132 1137
1116 1229
1191 1244
1080 1088
1035 1201
1079 1104
1124 1171
1036 1109
1104 1176
1127 1244
1071 1153
1070 1130
1144 1182
1090 1210
1118 1134
1064 1101
1050 1100
1059 1224
1104 1220
1033 1105
1073 1156
1025 1036
1027 1159
1145 1178
1181 1185
1068 1078
1103 1131
1078 1244
1094 1209
1113 1169
1089 1145
1074 1212
1073 1080
1022 1055
1138 1166
1067 1124
1066 1190
1007 1097
1075 1188
1150 1169
1043 1198
1108 1131
1022 1156
1112 1120
1111 1165
1080 1105
1030 1081
1141 1150
1035 1160
1002 1135
1087 1129
1088 1095
1071 1097
1086 1174
1105 1132
1064 1188
1086 1201
1066 1153
1025 1050
1053 1228
1080 1193
1025 1132
1014 1154
1045 1073
1178 1225
1172 1225
1074 1132
1186 1203
1014 1027
1052 1175
1052 1144
1159 1181
1109 1129
1093 1201
1131 1133
1075 1190
1059 1136
1131 1143
1041 1052
1029 1167
1095 1132
1041 1225
1029 1069
1043 1209
1045 1229
1001 1113
1039 1124
1096 1197
1156 1164
1041 1239
1089 1124
1167 1208
1073 1149
1047 1080
1086 1159
1080 1115
1025 1169
1081 1116
1028 1110
1042 1080
1078 1154
1118 1166
1104 1127
1074 1136
1132 1211
1144 1231
1070 1112
1044 1203
1139 1170
1073 1227
1129 1176
1036 1049
1022 1112
1025 1085
1083 1179
1070 1168
1059 1089
1109 1136
1069 1143
1102 1141
1139 1228
1119 1164
1008 1070
1149 1178
1208 1227
1092 1154
1001 1199
1153 1166
1060 1108
1063 1171
1075 1128
1081 1087
1146 1179
1125 1149
1071 1174
1129 1159
1060 1170
1008 1239
1047 1162
1049 1210
1070 1079
1072 1224
1102 1135
1056 1127
1142 1159
1042 1244
1107 1186
1135 1154
1084 1193
1134 1199
1011 1136
1081 1149
1001 1069
1028 1164
1064 1128
1039 1182
1079 1089
1049 1059
1102 1152
1085 1090
1040 1100
1013 1067
1001 1075
1176 1198
1073 1098
1088 1154
1164 1169
1025 1231
1166 1185
1019 1063
1064 1139
1044 1093
1090 1119
1036 1134
1094 1117
1033 1079
1019 1164
1136 1208
1170 1181
1065 1122
1022 1036
1080 1227
1022 1053
1039 1244
1188 1211
1050 1140
1053 1105
1138 1211
1130 1191
1113 1244
1014 1030
1065 1148
1063 1100
1064 1209
1181 1214
1040 1071
1021 1203
1115 1162
1008 1138
1145 1193
1115 1188
1145 1209
1110 1132
1087 1128
1154 1227
1081 1228
1073 1142
1041 1128
1033 1109
1073 1097
1102 1144
1154 1176
1052 1073
1036 1131
1053 1078
1019 1114
1090 1106
1059 1111
1130 1140
1066 1093
1130 1203
1036 1203
1114 1199
1124 1211
1066 1098
1084 1220
1160 1211
1041 1087
1178 1179
1076 1094
1172 1219
1095 1096
1073 1197
1090 1139
1019 1022
1008 1079
1107 1219
1050 1053
1013 1097
1136 1225
1011 1098
1013 1118
1083 1089
1164 1209
1007 1063
1008 1244
1040 1068
1025 1111
1089 1191
1071 1109
1021 1229
1166 1231
1132 1170
1082 1096
1104 1201
1150 1215
1084 1172
1074 1089
1078 1108
1086 1198
1109 1166
1086 1103
1103 1172
1066 1220
1176 1214
1030 1148
1127 1176
1041 1094
1055 1070
1166 1193
1146 1166
1032 1240
1166 1224
1098 1178
1019 1175
1033 1142
1159 1219
1101 1197
1129 1244
1086 1120
1124 1227
1096 1131
1112 1153
1078 1168
1166 1188
1033 1130
1067 1098
1081 1093
1059 1191
1092 1163
1084 1112
1109 1170
1030 1114
1073 1228
1059 1143
1149 1160
1138 1210
1130 1143
1067 1164
1107 1145
1133 1160
1056 1153
1022 1116
1076 1118
1052 1134
1122 1161
1032 1113
1035 1109
1076 1210
1014 1176
1040 1084
1174 1176
1022 1028
1086 1168
1129 1165
1072 1144
1047 1203
1108 1198
1142 1175
1215 1228
1212 1225
1067 1073
1032 1112
1067 1143
1072 1105
1124 1140
1102 1137
1088 1105
1019 1075
1022 1040
1082 1209
1069 1128
1079 1135
1008 1021
1083 1117
1089 1106
1071 1143
1163 1201
1107 1160
1113 1132
1044 1175
1074 1109
1039 1215
1032 1220
1161 1165
1013 1093
1033 1078
1146 1198
1082 1175
1083 1166
1140 1231
1021 1041
1126 1239
1129 1149
1035 1178
1029 1161
1092 1105
1030 1193
1022 1113
1055 1166
1063 1110
1019 1073
1096 1198
1079 1138
1150 1156
1035 1153
1134 1161
1094 1139
1105 1188
1056 1225
1070 1163
1021 1135
1127 1186
1067 1148
1094 1186
1103 1167
1044 1079
1084 1176
1056 1083
1169 1212
1013 1201
1152 1185
1110 1133
1168 1208
1128 1166
1124 1129
1098 1144
1127 1193
1069 1161
1056 1094
1014 1146
1153 1182
1124 1239
1001 1002
1096 1109
1191 1229
1064 1086
1070 1172
1159 1169
1068 1097
1007 1042
1178 1228
1021 1125
1008 1106
1080 1119
1086 1166
1159 1228
1179 1244
1103 1111
1101 1135
1163 1182
1128 1211
1110 1161
1072 1156
1107 1220
1094 1133
1146 1165
1154 1219
1124 1178
1081 1152
1022 1159
1144 1170
1119 1185
1011 1227
1043 1113
1175 1179
1088 1131
1201 1227
1064 1120
1100 1229
1144 1169
1066 1124
1089 1131
1130 1141
1124 1210
1027 1134
1033 1127
1087 1163
1109 1175
1040 1136
1055 1209
1052 1085
1068 1137
1029 1220
1105 1150
1174 1240
1127 1229
1169 1185
1153 1212
1120 1209
1167 1186
1085 1172
1053 1121
1107 1132
1083 1201
1209 1225
1119 1212
1197 1212
1198 1219
1072 1113
1087 1175
1080 1175
1102 1110
1164 1224
1174 1208
1067 1123
1131 1191
1014 1210
1152 1179
1102 1203
1198 1215
1027 1131
1118 1208
1161 1229
1064 1131
1042 1198
1047 1153
1082 1201
1096 1190
1123 1124
1035 1101
1073 1154
1197 1201
1039 1198
1106 1199
1111 1185
1059 1112
1047 1219
1070 1203
1043 1101
1028 1181
1060 1101
1043 1219
1040 1069
1089 1210
1140 1160
1188 1210
1130 1212
1081 1117
1032 1185
1098 1159
1090 1220
1050 1083
1075 1088
1002 1219
1002 1165
1112 1162
1021 1141
1096 1152
1109 1114
1111 1152
1100 1114
1137 1214
1045 1053
1149 1214
1079 1161
1092 1135
1198 1214
1036 1124
1145 1167
1029 1190
1136 1185
1139 1219
1030 1076
1011 1081
1042 1101
1078 1164
1108 1227
1085 1100
1047 1156
1065 1209
1119 1122
1152 1220
1176 1201
1074 1104
1126 1176
1030 1064
1201 1220
1030 1164
1019 1165
1007 1110
1001 1174
1141 1211
1126 1163
1008 1210
1093 1225
1143 1209
1036 1050
1014 1148
1053 1146
1102 1239
1162 1168
1203 1210
1130 1199
1001 1071
1073 1165
1027 1141
1073 1084
1167 1172
1089 1141
1033 1209
1050 1188
1049 1152
1172 1193
1083 1143
1096 1098
1029 1114
1090 1165
1107 1179
1060 1072
1185 1227
1096 1153
1039 1133
1137 1170
1025 1198
1073 1175
1008 1073
1047 1087
1049 1066
1137 1153
1033 1210
1071 1124
1066 1197
1115 1127
1002 1093
1110 1143
1076 1191
1008 1129
1073 1219
1166 1228
1071 1148
1092 1137
1073 1075
1103 1203
1136 1143
1111 1209
1066 1080
1019 1055
1134 1137
1056 1108
1106 1114
1159 1176
1112 1161
1083 1197
1049 1103
1104 1169
1069 1229
1074 1079
1070 1116
1064 1168
1030 1074
1043 1093
1123 1219
1123 1141
1071 1111
1084 1227
1100 1150
1027 1070
1082 1120
1168 1186
1011 1228
1013 1019
1134 1229
1074 1134
1028 1032
1089 1163
1082 1125
1047 1069
1093 1171
1060 1065
1035 1203
1039 1166
1056 1240
1007 1137
1052 1095
1078 1191
1079 1142
1013 1073
1082 1093
1069 1185
1092 1132
1109 1164
1032 1101
1138 1239
1075 1225
1129 1224
1089 1132
1028 1085
1011 1035
1002 1053
1032 1199
1075 1093
1027 1175
1013 1164
1079 1082
1142 1244
1029 1041
1028 1127
1029 1055
1014 1059
1100 1127
1066 1172
1073 1105
1084 1156
1156 1186
1022 1149
1044 1052
1011 1198
1027 1112
1013 1087
1030 1209
1106 1212
1126 1179
1074 1080
1117 1224
1036 1143
1064 1215
1055 1082
1096 1129
1135 1137
1035 1154
1211 1215
1074 1097
1105 1168
1123 1179
1039 1104
1149 1168
1007 1040
1178 1215
1125 1138
1029 1101
1064 1144
1049 1100
1080 1111
1115 1117
1059 1109
1086 1117
1167 1171
1115 1133
1112 1231
1136 1215
1030 1160
1092 1244
1102 1121
1113 1209
1094 1124
1049 1137
1007 1152
1022 1120
1043 1108
1116 1171
1126 1203
1066 1219
1143 1198
1007 1138
1119 1209
1074 1225
1140 1210
1122 1182
1028 1193
1052 1159
1011 1121
1066 1112
1066 1068
1169 1176
1128 1220
1071 1122
1097 1190
1092 1109
1115 1153
1041 1055
1106 1153
1169 1210
1011 1087
1121 1159
1139 1214
1022 1071
1072 1176
1104 1165
1021 1145
1146 1163
1065 1227
1025 1079
1139 1182
1133 1162
1132 1133
1142 1146
1095 1148
1096 1170
1055 1097
1011 1231
1066 1088
1156 1228
1076 1079
1108 1172
1083 1170
1134 1172
1087 1094
1122 1165
1022 1148
1112 1154
1140 1181
1036 1161
1128 1138
1203 1224
1100 1139
1094 1146
1109 1231
1074 1199
1104 1124
1072 1089
1127 1130
1022 1163
1118 1126
1190 1229
1105 1148
1067 1160
1084 1095
1053 1132
1060 1070
1100 1220
1135 1199
1122 1138
1084 1140
1138 1149
1087 1116
1107 1118
1125 1161
1036 1087
1019 1210
1193 1197
1064 1090
1100 1146
1132 1136
1044 1105
1045 1169
1076 1199
1078 1096
1087 1212
1082 1220
1028 1170
1063 1137
1053 1211
1014 1073
1039 1052
1143 1172
1127 1128
1108 1203
1025 1143
1076 1201
1011 1053
1093 1101
1113 1134
1127 1152
1027 1139
1150 1220
1107 1129
1070 1110
1076 1169
1121 1191
1141 1220
1002 1112
1052 1089
1148 1170
1102 1215
1137 1244
1095 1120
1042 1085
1134 1156
1126 1167
1067 1105
1100 1228
1163 1171
1142 1219
1056 1167
1122 1130
1123 1239
1056 1118
1100 1119
1127 1142
1125 1199
1014 1086
1007 1128
1080 1087
1001 1156
1148 1227
1002 1132
1108 1179
1032 1069
1134 1146
1105 1175
1112 1118
1064 1084
1044 1136
1093 1121
1118 1139
1120 1145
1188 1199
1115 1229
1069 1215
1070 1106
1013 1027
1067 1083
1082 1141
1021 1132
1190 1227
1041 1106
1203 1219
1182 1229
1178 1191
1011 1056
1040 1228
1039 1148
1096 1169
1089 1162
1022 1085
1025 1045
1014 1022
1100 1212
1078 1097
1114 1149
1021 1076
1040 1160
1144 1188
1089 1121
1042 1125
1096 1160
1169 1211
1073 1178
1008 1121
1153 1162
1068 1095
1096 1178
1082 1229
1033 1089
1084 1212
1095 1124
1045 1171
1109 1239
1030 1041
1039 1103
1082 1108
1119 1141
1111 1219
1081 1169
1001 1053
1167 1168
1108 1128
1059 1125
1119 1244
1092 1115
1039 1114
1029 1081
1118 1123
1047 1175
1047 1150
1059 1133
1104 1128
1028 1201
1093 1197
1087 1152
1112 1123
1055 1128
1021 1150
1117 1188
1096 1193
1079 1225
1101 1129
1102 1214
1076 1193
1185 1197
1090 1163
1074 1172
1093 1141
1133 1182
1085 1171
1111 1181
1030 1210
1102 1159
1035 1144
1060 1227
1107 1185
1059 1120
1008 1108
1032 1208
1008 1076
1086 1219
1040 1072
1063 1101
1029 1121
1121 1145
1049 1229
1033 1080
1108 1129
1002 1191
1231 1244
1074 1083
1129 1160
1082 1178
1082 1162
1087 1131
1127 1153
1035 1108
1121 1140
1008 1161
1110 1150
1007 1114
1060 1172
1081 1208
1032 1126
1108 1125
1033 1159
1029 1152
1083 1224
1130 1171
1089 1126
1035 1036
1125 1197
1142 1201
1007 1144
1036 1044
1124 1175
1118 1170
1172 1210
1167 1227
1001 1032
1022 1181
1033 1228
1112 1139
1056 1078
1045 1191
1040 1220
1043 1220
1063 1212
1032 1060
1191 1203
1088 1182
1092 1239
1050 1244
1132 1244
1039 1110
1101 1172
1056 1109
1114 1191
1053 1156
1095 1162
1050 1095
1119 1170
1101 1214
1161 1244
1059 1101
1053 1167
1065 1106
1055 1116
1013 1127
1064 1239
1082 1215
1044 1146
1059 1186
1174 1178
1152 1227
1043 1132
1002 1068
1120 1167
1033 1134
1092 1162
1027 1239
1135 1225
1071 1074
1121 1170
1097 1179
1070 1134
1082 1214
1050 1134
1073 1124
1107 1190
1041 1203
1043 1131
1050 1117
1150 1186
1211 1228
1033 1082
1044 1112
1050 1164
1097 1171
1120 1172
1008 1215
1013 1231
1002 1033
1032 1063
1002 1231
1214 1244
1039 1092
1125 1220
1096 1123
1069 1142
1013 1219
1073 1166
1089 1129
1082 1197
1060 1209
1021 1120
1110 1129
1039 1172
1156 1170
1108 1156
1165 1175
1044 1103
1116 1178
1011 1092
1097 1228
1122 1175
1067 1078
