9.394908461417985635e-01
8.538049963857188285e-01
8.993763598029251849e-01
9.038841213303135946e-01
8.976620512417935460e-01
9.227750335297457696e-01
9.486839765627648191e-01
8.964065633238326170e-01
9.004447922208472788e-01
8.820763939894282757e-01
9.151425947031444075e-01
9.370973298691567255e-01
8.977818324201868316e-01
9.335638235286096709e-01
9.426842610308093784e-01
8.817871053700644390e-01
9.339856935133430405e-01
9.206579164905803747e-01
8.678458817943001113e-01
9.002364969598082300e-01
9.655684195699449912e-01
9.389607343646616533e-01
9.670262278732520977e-01
9.608225936089346275e-01
8.171076972008080030e-01
9.628058185923648038e-01
9.493064164966268370e-01
9.421663241783196918e-01
9.172681251933423319e-01
9.664443421244708343e-01
9.213798605369535322e-01
9.368747482392015824e-01
9.006704982390084657e-01
8.993202297894972164e-01
9.109669639611007730e-01
9.269000717702011727e-01
8.986145197616776104e-01
9.107872210532717006e-01
9.201633749680729890e-01
7.765069924884951957e-01
9.485417513766717379e-01
9.139386698518923158e-01
9.267806731414377497e-01
8.952665476660351951e-01
9.400753978576108505e-01
9.364182643681997487e-01
9.278363070988548955e-01
9.137458082181685315e-01
8.844372829176568862e-01
9.112463729103500443e-01
9.588139924953424931e-01
9.727517108519259104e-01
9.799413872436537609e-01
9.633371184676327026e-01
9.502682802038040499e-01
9.243488257135885622e-01
9.415341586649275119e-01
8.463417701677655725e-01
9.378268472642160569e-01
9.004612126593888322e-01
9.096627447790531784e-01
9.344946793567110443e-01
9.621260488571579117e-01
9.545104902101660960e-01
9.373321005390132798e-01
9.392926817905539183e-01
9.205323791329803607e-01
9.383888087695795299e-01
9.562879630541377685e-01
9.634359904859199908e-01
9.233278751295229680e-01
9.549277240210516382e-01
9.565075382562358008e-01
9.701712767666715864e-01
9.465641325547432539e-01
8.964866322438186375e-01
9.064491606356274156e-01
9.342291152967806545e-01
8.969165312510631871e-01
9.024198739429855065e-01
9.106837534837771697e-01
9.107616149494101032e-01
9.171162022399764746e-01
9.128990386178381655e-01
9.013896102431785406e-01
8.582393249159626647e-01
8.891594124089027273e-01
9.176094032592362337e-01
9.221053391248066333e-01
9.184883833751587012e-01
9.553973016609391689e-01
9.666881166832353989e-01
9.509920203522778115e-01
9.462047581978394462e-01
9.062141242917676198e-01
8.778480529850362091e-01
8.935875850301470136e-01
8.721478691418452778e-01
9.089268175361711055e-01
9.471088893104296913e-01
8.872128326377286545e-01
8.567101345296247450e-01
8.860125584486380212e-01
9.340655590677927611e-01
8.734375170489019347e-01
8.409392763829837136e-01
9.458272173813281336e-01
8.337568383805201711e-01
9.462085071838061134e-01
9.429794264300354056e-01
8.370786112511334753e-01
8.647659918112684529e-01
8.705731894793121706e-01
8.847266810396138270e-01
8.837459399472253896e-01
8.967127861249717391e-01
9.274408424380899962e-01
8.279211316311654301e-01
9.191567603340892179e-01
9.073012402183155967e-01
9.131298692925472471e-01
8.976428275461914019e-01
9.199378056019602568e-01
9.226996859198657308e-01
9.234422290314947546e-01
9.368597627557623264e-01
9.157445921009494949e-01
7.799426338348293131e-01
9.411571612671429943e-01
9.321348211318295496e-01
9.560678722354704062e-01
9.043880039709910612e-01
9.261616502602981749e-01
9.176445432731691332e-01
9.372897441335874547e-01
9.556064375161923419e-01
9.458081302835846804e-01
9.207384649585357295e-01
9.305754163637586229e-01
9.126608628488087627e-01
9.355467680519814477e-01
9.567333855514922325e-01
9.472466748350275578e-01
9.440325025811039383e-01
8.929964733078712413e-01
9.355525996214257844e-01
8.883654508540603789e-01
9.588624953390048056e-01
8.713209666775875162e-01
9.216491281879350961e-01
8.005703607415811662e-01
8.407723534917004304e-01
9.507162654074620134e-01
7.879314371618938440e-01
8.590767254130281527e-01
9.531335199958276272e-01
8.512268662373190242e-01
9.527407608097286928e-01
8.771626277910764546e-01
9.542639466627879097e-01
8.960481352057815263e-01
7.427648781289880597e-01
8.068471405398665031e-01
8.642939437297122440e-01
8.975677541634916601e-01
8.804124035369729206e-01
8.129947529786940574e-01
7.868701179685996250e-01
8.689699601460060263e-01
8.733038190663001687e-01
8.939792500509582407e-01
7.662009371749958220e-01
9.373372567470402705e-01
8.285911562630254856e-01
9.152543244939155276e-01
7.840320259697540761e-01
9.097650753542938507e-01
9.633899072186886681e-01
7.925442938371979329e-01
9.652714648267938236e-01
8.497655120482620061e-01
7.704210431814537685e-01
8.594791479006598234e-01
8.317360213131778091e-01
8.140795151216070336e-01
8.271620280728464447e-01
8.316504334336137783e-01
7.860109386022885447e-01
7.739474069613567764e-01
7.995656310811528611e-01
8.317960378196980198e-01
9.059399016143637740e-01
8.156629564200079674e-01
9.033299672739469877e-01
9.131763641209412752e-01
7.278692500884298422e-01
9.052510958940124253e-01
9.079321643229915084e-01
8.729270269927114079e-01
9.106621278726890756e-01
9.218152940721169308e-01
6.030269302881984261e-01
9.185250818790895444e-01
6.016060878815205903e-01
9.162855672131119400e-01
5.805733765477296693e-01
9.165979592301126688e-01
9.172859084856602729e-01
4.612449824166896528e-01
9.057227617624455940e-01
9.713650796194946979e-01
9.194032649220569287e-01
9.538559490645217576e-01
9.288158408793668608e-01
9.478311563532372253e-01
9.048906220577270787e-01
9.648288117632609628e-01
9.529502259841134970e-01
8.219896900881223933e-01
9.610216457836655568e-01
9.078151988910138082e-01
9.724308090895761314e-01
9.212902161922913447e-01
9.246387283824032410e-01
9.692096843288642294e-01
9.165185878144350706e-01
9.185533281124076410e-01
9.707926581720059955e-01
9.730508387248891777e-01
8.029688859357158037e-01
9.510457858438519096e-01
9.477032307730862692e-01
9.727858759036419611e-01
9.626948409051711009e-01
9.833077238518920238e-01
9.701077178391662725e-01
9.129641638019804217e-01
9.675490985765798913e-01
9.823382150759868425e-01
9.539651440794131299e-01
9.206313878979901499e-01
9.527680698969963613e-01
9.719442667015403270e-01
9.532034875222992198e-01
9.607522974707605190e-01
9.546043373030922430e-01
9.603030165402185458e-01
9.526988905239610617e-01
9.656213551409967843e-01
9.811408810668019731e-01
9.446438235979550679e-01
9.384113462646312964e-01
8.340080686998609938e-01
8.471747881867760510e-01
9.507008726203605153e-01
9.370727713093757183e-01
9.614060107797369747e-01
9.293059234426317428e-01
9.056504309858306456e-01
9.068673209966552351e-01
9.691712968759097491e-01
9.740351368464253978e-01
9.775471964358274368e-01
9.767344326071821792e-01
8.890996053045108205e-01
8.874879699983670989e-01
9.387173859793650488e-01
8.601614260092381725e-01
9.304714084522313078e-01
9.447311342278714719e-01
7.568627298975900697e-01
8.677741335327839867e-01
8.897521408095135920e-01
8.855942762581059391e-01
8.664200033700395487e-01
8.841081347283058500e-01
9.002406653784488233e-01
9.039990186998139166e-01
8.709920985901897783e-01
9.031585894504199352e-01
9.086542568341200443e-01
8.905388361680840470e-01
9.168816009564508818e-01
9.420294685366575882e-01
9.365790266282851828e-01
7.074157518048218574e-01
9.267896436889949685e-01
9.209043353241738172e-01
9.422775672566185978e-01
9.254400364038606330e-01
9.174949996087523596e-01
9.006060526882563311e-01
8.972897571389418792e-01
9.313458762601077856e-01
9.447453868869456484e-01
9.121161761710958604e-01
9.222180693003956264e-01
9.378416731309696663e-01
9.146262392921599149e-01
9.369605607797014679e-01
6.917558004146130424e-01
9.170070736301496606e-01
8.921196671761967290e-01
8.264041457314849071e-01
9.149577452206933970e-01
9.042245124509549203e-01
8.468037314549513583e-01
8.580353053063657365e-01
8.879288788828000323e-01
8.634670177783406730e-01
9.642167783487716193e-01
9.442584714199709905e-01
9.607355630448782824e-01
9.167906168434235559e-01
8.972606363110099403e-01
8.994964087261727581e-01
9.781292206639103926e-01
8.618001131913020085e-01
9.497263290383590739e-01
9.601491720162113053e-01
8.889807137603463749e-01
9.161100055695294841e-01
9.341685498370181362e-01
9.459048176702897770e-01
8.819571011353738443e-01
9.285887004630232200e-01
9.058213944066674239e-01
9.163971175037610717e-01
9.501406292086663763e-01
9.348395789213597151e-01
9.540469807326961149e-01
9.152075202772080864e-01
9.539593901004294052e-01
9.538948593248011143e-01
8.432086938851791613e-01
8.216174705385856925e-01
8.652339253764562699e-01
8.514651449060592903e-01
8.705384616195713798e-01
7.870404911515572755e-01
9.266327364555498880e-01
8.381923337059189461e-01
8.331924377327645237e-01
8.039973226920825722e-01
9.371009243565022739e-01
9.519253657093960097e-01
9.210575954671902377e-01
8.853976445928982697e-01
8.268151830560234172e-01
8.693367363789188396e-01
9.519977241610816376e-01
9.084174532414551750e-01
9.115702915054355593e-01
9.353409728233142983e-01
9.553145058196208517e-01
9.759333158053309365e-01
9.561204470023159097e-01
9.114888056370750169e-01
7.949042871561398105e-01
8.894501777182101110e-01
9.745990192913160932e-01
9.731066858291367305e-01
8.887608565362619117e-01
9.636150586739005153e-01
8.514464115453943549e-01
9.721751322415804752e-01
8.650992635540868392e-01
9.640824903787091893e-01
8.882374904312310138e-01
9.619050287215842321e-01
8.273361046650168360e-01
8.318128598295408960e-01
8.445951034704437532e-01
7.953372767368548368e-01
6.333901447407146446e-01
7.284892383839028929e-01
7.645770076026199291e-01
7.344717093596669910e-01
8.123426483564388789e-01
7.772879181414661387e-01
9.421075331193790037e-01
9.196881892934846148e-01
9.373331140743549339e-01
9.616396202606778409e-01
8.967079777539231911e-01
9.563014146359832823e-01
9.716979838299897310e-01
9.288783078573137342e-01
9.683873856787312828e-01
9.740126945435017003e-01
9.466357944341752262e-01
9.436130786571611528e-01
9.523753761315413291e-01
9.605325378425714211e-01
9.222158381974707719e-01
9.247051154516623406e-01
9.050994380234236303e-01
9.608405914282625027e-01
9.194304706366112079e-01
9.314320982771845392e-01
8.533659342161676875e-01
8.842962299347045807e-01
8.881139967620037545e-01
9.594921047339203257e-01
8.335065813024132853e-01
8.161417034332671960e-01
9.395511682948384236e-01
8.038467347324812495e-01
9.064617961154891601e-01
9.154635104540980173e-01
8.871804886590619610e-01
8.968734566301550526e-01
9.369164329222308130e-01
8.763013664452645735e-01
8.698880523801852949e-01
9.266242651136186170e-01
9.318008621404232361e-01
9.288978002139668400e-01
9.161877388199124450e-01
9.126226166321481648e-01
9.610105767982045633e-01
9.805428989503134352e-01
9.690991200550158613e-01
9.530884465003149897e-01
8.823604808300522517e-01
9.298042284934090462e-01
9.283898127946949019e-01
9.098514508523144473e-01
9.421183743914597342e-01
8.198044118694329807e-01
9.499244816781828860e-01
9.187127615990090534e-01
9.396292368301009112e-01
9.514606457224406011e-01
9.016470726015102244e-01
9.017635130739444227e-01
9.137745244084563012e-01
9.132907173330541140e-01
9.367897394252165943e-01
9.222017654551625254e-01
7.275189291065811137e-01
8.660358261598366525e-01
9.258826865629803393e-01
8.944918955641660840e-01
8.687136986825210183e-01
9.383842408152681669e-01
8.645563398190465598e-01
9.339172970907347882e-01
8.182308484929462500e-01
9.177125542573144612e-01
8.826123330746301621e-01
9.728874243801950428e-01
8.507360587614345437e-01
9.092824026697795547e-01
9.768971390144068900e-01
8.756967300519897801e-01
8.740730720555766053e-01
9.631727447262773412e-01
9.632361662158063220e-01
9.085690738147664813e-01
9.397597385189218056e-01
9.301182934511197375e-01
9.345654590427348030e-01
9.311188871655171617e-01
9.404554155734845544e-01
8.004750041375476854e-01
9.086667265509486002e-01
8.878505092047921377e-01
8.820215839174548877e-01
8.727345174244831583e-01
8.619580788152051420e-01
8.832742991097193297e-01
9.220259498350873439e-01
8.432427330585433589e-01
8.248181744972954421e-01
8.691755236321679901e-01
8.086658431959841131e-01
9.092821977660597854e-01
8.659205570893190318e-01
8.905480413222225389e-01
9.268808677058248957e-01
9.214516657932519950e-01
9.020093959481451096e-01
9.224255309934549230e-01
8.686467486048469189e-01
8.989710367366413601e-01
8.184688299531143185e-01
8.916471049704275398e-01
8.699406513642564676e-01
8.700458903441439240e-01
8.427749222719806976e-01
8.775883259406320747e-01
8.829761164038937293e-01
7.885643514756611738e-01
8.846716961274242452e-01
9.160655854037580426e-01
8.251596012263371360e-01
8.557925548493426904e-01
8.988210545067080171e-01
8.815068428234283937e-01
8.844584984622592128e-01
8.996633722119452559e-01
8.439453214521442925e-01
8.944168961750803559e-01
9.129096715223322667e-01
8.531896600948450926e-01
9.095598617957127985e-01
9.090956689180978989e-01
9.053389546543472166e-01
9.070308090313008442e-01
8.961570500917427351e-01
9.721240730888595083e-01
9.154015015354289853e-01
9.700902830523072673e-01
9.160929690870959208e-01
9.218359388350535477e-01
9.486546870661337616e-01
9.200555980977472847e-01
9.008993117290096109e-01
9.164872502334709958e-01
9.142140928356204954e-01
9.241126629206822818e-01
8.899596147321664485e-01
9.103269970554674906e-01
9.337743407967413756e-01
8.392585532147445182e-01
9.356652935491666101e-01
8.963430800519012198e-01
8.856377585488335313e-01
9.225425743616116891e-01
9.287914206005798423e-01
8.922756526577715341e-01
9.051405434828201368e-01
9.326089403206007100e-01
9.605720532683625912e-01
9.297618602687393041e-01
9.000271825681502857e-01
9.020869843285358458e-01
9.392461735219410635e-01
8.861040263508987991e-01
9.318017612463586063e-01
9.539475179596359489e-01
9.129968359896999397e-01
8.953015246255130455e-01
9.519433066065171589e-01
9.217552423698909259e-01
9.204813815593008153e-01
9.491404954302561370e-01
9.448096818702647059e-01
8.303279266138072767e-01
8.219921380774126707e-01
9.128547049932719260e-01
9.220879926053200393e-01
9.208593387644571360e-01
9.253644332777450909e-01
9.280234673727869588e-01
9.215846399448470727e-01
9.400083840296000748e-01
9.160820838990652026e-01
8.879815257136129958e-01
9.323920983461342349e-01
9.122484221867914744e-01
9.508251768432696149e-01
9.433398246932759301e-01
9.291655002353853554e-01
9.551984535969124668e-01
9.686052083896092846e-01
9.225166127164441399e-01
9.485598193697764025e-01
9.275231236969636583e-01
9.108892097772313123e-01
9.617229658789998581e-01
8.892371243376994139e-01
9.449109858941914242e-01
9.506118431878978203e-01
8.525566887947283456e-01
8.523008622535211964e-01
9.380127099418185121e-01
9.089788948948368530e-01
9.167633900852319995e-01
9.686541640394644714e-01
9.534126140756740142e-01
9.647805782906611061e-01
9.605976064440820972e-01
8.623882078037553578e-01
8.868534528806829575e-01
8.751540293846125085e-01
8.140622050068349047e-01
8.195082502868380470e-01
7.938551611275416198e-01
9.468541514681753091e-01
9.646757815752406984e-01
9.182210551551197586e-01
9.589173449847039343e-01
8.943849156356076247e-01
8.901121588726198519e-01
9.143103903801935717e-01
9.265253611084809382e-01
9.501425718127067821e-01
8.767692254605553570e-01
9.279364136302531429e-01
9.109930926139362395e-01
9.149006099414572768e-01
8.862452367988344903e-01
9.452389854723431961e-01
8.453000817917540877e-01
9.478694383642840560e-01
9.338790841326380932e-01
8.764195319234011627e-01
9.229450793556768229e-01
9.362627214611745075e-01
8.941328629311836584e-01
8.819397624390271639e-01
9.332581529097909723e-01
8.961478841734754619e-01
9.461024565230545802e-01
9.003585696234430724e-01
9.264841130865475449e-01
9.194016031234645281e-01
9.242990021570872683e-01
9.107333925132735652e-01
8.971049953012586453e-01
9.007978414419883784e-01
9.567590234401570637e-01
9.520054825105362939e-01
9.496688876341203844e-01
9.628427067496675429e-01
9.074621834020695221e-01
9.656240394838088159e-01
9.423212342365667737e-01
8.868388399005053824e-01
8.529738742695028852e-01
8.608736505504104297e-01
9.528558785988461288e-01
8.984406407128785466e-01
8.951953701305861433e-01
9.469559765928964312e-01
8.807743005159061056e-01
9.635638726544666355e-01
9.454557982563392970e-01
8.845046417190799426e-01
8.691016554380370795e-01
8.865119038384768890e-01
9.116234704911446718e-01
8.975207642258875573e-01
9.071383551083465058e-01
9.056284425338750887e-01
8.588420755904422332e-01
8.833177406013056343e-01
8.738874942577052884e-01
9.261990793045771220e-01
9.488156132459947267e-01
9.144461741314374725e-01
9.358778772958006309e-01
9.496283776522618236e-01
9.620772340526930755e-01
9.299779349916040827e-01
8.955957009545766345e-01
9.267496834160213748e-01
8.354884495126415622e-01
8.989204047927952246e-01
8.552277138379498211e-01
8.658864088008322302e-01
8.931202610338909720e-01
8.591152821007251861e-01
8.796962330133990537e-01
8.774245773247132396e-01
8.820628002137506085e-01
8.652203420016282287e-01
9.070956032524046808e-01
9.181479302681728738e-01
8.902706836430662740e-01
8.810749053535031905e-01
8.732877441054088807e-01
8.963438887155736889e-01
9.038576068985525458e-01
9.207790118854732864e-01
8.663250660254508961e-01
8.609993170174508048e-01
8.414771710084929524e-01
8.223553595584687237e-01
8.693453429070061578e-01
8.505180687311112431e-01
9.051339990515349099e-01
8.996704659476907340e-01
8.686062946261861040e-01
8.828513100561958815e-01
8.142876672960714934e-01
7.322370629236329975e-01
8.446612685692564959e-01
9.188674141852414268e-01
9.228834980147886391e-01
8.722399160316487432e-01
8.523774664537464574e-01
8.877355933674733190e-01
9.341653967056200436e-01
9.200215970394503007e-01
9.063761294660924728e-01
9.304486578276127684e-01
8.718062260560315302e-01
8.885561169600976195e-01
9.029364516122981854e-01
8.665517858512918892e-01
9.097544185057213628e-01
8.911537289503442816e-01
9.008744536005424131e-01
9.352630267231230032e-01
9.201424786735544759e-01
9.522743414237667681e-01
9.223311538833337542e-01
8.902010612946215096e-01
9.080733956272886154e-01
8.768142475325190199e-01
8.631875721623153419e-01
8.769823538968670729e-01
8.252050405299055091e-01
8.498553926171921180e-01
8.159030773781158485e-01
8.710990410887576862e-01
7.954572585331862733e-01
8.954046991242426978e-01
8.853945055301803979e-01
8.639731318875069066e-01
8.863852622666662517e-01
7.536480222350614433e-01
9.178259125696026643e-01
7.645947226633830196e-01
9.023065782713890481e-01
8.001549709750986894e-01
9.106468775352127842e-01
9.290470311942434778e-01
7.728992453811927010e-01
8.874753021107444351e-01
7.685855028567785130e-01
9.295901186015488316e-01
8.094541666051990880e-01
9.086783744569606469e-01
8.678485586572723953e-01
7.650527859057405511e-01
8.256429060013757981e-01
8.287362521292707118e-01
8.489610139271611677e-01
8.539751433734309449e-01
8.792439870130029922e-01
8.480203266552097663e-01
8.222835134767315646e-01
8.514670772297376899e-01
8.424274174396492176e-01
8.259548004597589976e-01
8.170404153750949749e-01
9.188808277465337904e-01
9.443954256781460499e-01
8.958639421248332235e-01
9.325177235181018043e-01
9.174391620287968285e-01
9.068077485729671983e-01
8.891448249084414890e-01
9.286532216585828836e-01
9.074322571146005156e-01
8.660685865091198865e-01
9.217248525677534943e-01
9.505301140998194676e-01
9.271039410664031477e-01
9.567601645311808456e-01
9.217041422437395326e-01
9.064973880154485464e-01
9.266889914952671781e-01
9.370037562155105748e-01
9.037454825127528846e-01
9.587739657701735974e-01
9.111813195732102466e-01
9.027070451216177016e-01
8.901174318265788754e-01
9.249299778985222709e-01
8.991417175623982461e-01
9.048257315393276601e-01
9.319559041612650585e-01
9.085408329273547690e-01
8.822267599226336632e-01
9.284431107474764300e-01
9.617937208082840694e-01
9.608911700602458250e-01
9.643726106362877637e-01
9.618964813786323731e-01
9.059336826204166249e-01
8.825103834264447222e-01
8.514854980291030051e-01
9.418305634217926103e-01
9.175780135010889182e-01
8.693853992721105595e-01
8.632160230861233297e-01
8.836927567307535369e-01
9.289786792142407101e-01
8.381060770255517323e-01
8.965234896723283109e-01
8.850326849694667430e-01
8.504012355956478419e-01
8.613040612728783962e-01
9.157857318666373647e-01
8.925845135165347832e-01
8.999248014316481026e-01
9.178331465659815835e-01
8.781274695325909097e-01
8.960035687701503049e-01
9.290601965508920035e-01
8.953027297589009059e-01
8.220369458880221192e-01
9.106221589108937087e-01
9.329343366871266641e-01
9.282687608685273872e-01
9.168818786303348789e-01
8.932250200806268747e-01
9.085663450661147778e-01
9.066086753486158889e-01
8.732756144568986079e-01
8.799258029865384412e-01
9.316278677750029491e-01
7.945103580744918848e-01
8.320671756474696812e-01
8.965453123946313108e-01
9.018653702834317221e-01
9.530871699803497021e-01
9.379255957680903144e-01
9.213119251907533336e-01
9.568502654499191351e-01
9.604513975896474820e-01
9.613147321955857194e-01
9.264281446967639333e-01
9.324504316386570402e-01
9.003638137985457979e-01
9.251772504324606849e-01
9.335458245781866893e-01
9.130565408474822231e-01
9.011383746750811774e-01
9.401681020376410070e-01
9.337303329540291852e-01
9.305735991751378222e-01
8.825897353135971901e-01
8.688390821267694131e-01
9.000782309470374276e-01
9.518713872157886779e-01
8.754856814711237112e-01
8.847190664315605080e-01
8.848940837136063386e-01
9.507129270316160286e-01
9.604778817853500961e-01
9.356889662773633098e-01
9.363521433429501384e-01
8.637477607959666015e-01
9.287692592655272250e-01
8.264409193724164826e-01
8.265354112693135136e-01
8.678867229484340529e-01
9.135167691176794280e-01
8.126618101409203154e-01
8.926610068091864747e-01
8.851329164119700055e-01
8.593332780483143862e-01
9.001010249443277544e-01
8.841201681709767168e-01
9.314773649754805041e-01
9.123302177632930388e-01
9.137937691732295198e-01
9.129077680154743524e-01
8.787826981060631315e-01
9.355666931560928656e-01
9.560823595467392577e-01
8.452074137982076296e-01
9.161290313701305754e-01
8.991970460464555615e-01
9.175833842935342544e-01
9.385321152253631727e-01
9.236926976101487163e-01
9.608097964291937298e-01
8.928349506504430488e-01
9.107762869750299917e-01
9.337208290666867416e-01
9.288186569177561136e-01
9.242841508461473454e-01
9.273776092885331890e-01
9.002296357025239004e-01
9.279613764024340350e-01
9.679348124573233791e-01
9.521420766315512596e-01
9.052556473189132813e-01
9.720820362619990718e-01
9.656203037837113312e-01
9.688389444146521257e-01
9.571189174881770123e-01
9.477701106683456000e-01
8.332225939708421958e-01
9.468444621513751880e-01
9.232424128696331556e-01
9.321182896464170753e-01
9.393107114445132799e-01
9.600616059178459505e-01
9.223738514002590705e-01
9.379061219940924010e-01
9.017344443969556034e-01
9.042281607373736652e-01
9.435265589808233822e-01
9.521854682717179053e-01
9.709639788920686465e-01
9.332584779127175434e-01
9.471684308229378901e-01
9.753646526050442356e-01
9.403099378153276788e-01
9.268301891488754940e-01
9.290281403298278340e-01
9.693750306177807419e-01
9.005536329680637886e-01
8.818871128468170895e-01
8.950459642464453358e-01
9.533943537567723947e-01
9.265927522566191898e-01
8.969705432176567905e-01
9.684651757591633547e-01
9.152405513486109312e-01
9.010471376127979770e-01
9.506534571967280023e-01
9.692705543172330795e-01
9.683027422366716763e-01
9.596493159139213303e-01
9.670775546109947607e-01
9.218189067578993479e-01
8.860684588839156106e-01
9.154187677660190481e-01
8.928292408038441819e-01
8.540600665438029537e-01
9.455531073750637061e-01
9.020525288060092794e-01
9.076424467068562318e-01
9.111666647395176843e-01
8.797401646455432767e-01
9.037627649132535801e-01
9.147947379266875290e-01
8.791149980836734379e-01
8.167478775649722467e-01
8.992187866315685119e-01
8.743231673084781441e-01
9.541862333518461581e-01
9.601207857481159902e-01
9.333707359634260126e-01
9.234146940404810433e-01
9.256282194644174233e-01
9.401550064868856582e-01
9.581395910168801766e-01
9.402420436170054741e-01
9.445222827885464412e-01
9.111137712488535101e-01
9.127061371963264280e-01
9.607019201763606908e-01
9.261583197103250287e-01
9.758204759083461965e-01
9.697105480306382752e-01
8.954456185780826916e-01
9.756445118044730913e-01
9.730765935829308599e-01
9.577364154700009902e-01
9.720132718279723694e-01
8.644488771607768962e-01
8.867754338208901910e-01
9.078419468678501358e-01
9.365401355072145995e-01
9.305372592830537526e-01
8.900910969852831034e-01
9.108877694184409624e-01
8.941452806890576310e-01
8.956078567716031502e-01
8.744504820075177376e-01
9.237552096599532803e-01
9.106363636789435168e-01
9.257356721579840242e-01
9.221543637717427577e-01
8.554490681768494031e-01
8.628577427440697889e-01
8.637006622720143634e-01
8.359395811613813398e-01
9.028450911056312700e-01
8.768187565716698550e-01
9.164060240933253887e-01
9.248998992271818542e-01
9.369947851984258280e-01
9.602286485335196353e-01
9.129189460178533944e-01
9.101574445169238192e-01
8.947935451396701323e-01
9.021220384273958004e-01
9.350357129830297875e-01
9.015890340284526960e-01
9.658783857878050494e-01
9.735679896073966555e-01
9.785578599172227721e-01
9.798770087097410375e-01
9.057318132593072946e-01
9.375523236307176100e-01
9.139994848338275357e-01
9.111966324340263768e-01
8.650579021305085936e-01
9.251730491091780806e-01
8.892252419518342776e-01
9.512897122307367725e-01
9.361636853681676307e-01
9.349686839080176837e-01
9.265639881924906396e-01
8.898149033358400128e-01
9.200232570371598140e-01
8.372661710051865214e-01
8.648225306649699462e-01
8.962650590705270037e-01
8.543624788693090499e-01
9.028357869684003889e-01
9.587653494101718854e-01
9.686238759678430510e-01
8.857448113350588903e-01
9.639609172010138449e-01
9.569545823997779310e-01
9.232718861211488548e-01
9.385245969166339242e-01
8.811073916398588501e-01
9.254138377040045382e-01
9.607568360818365960e-01
9.684865049403688086e-01
9.492700748289274459e-01
9.689346074052815894e-01
9.705035695124626383e-01
9.367297967701398997e-01
8.911519202257169869e-01
9.681645592542440504e-01
9.585471065813192526e-01
9.484957192806002801e-01
9.333299782508294173e-01
9.617116419495069790e-01
9.588635742444371335e-01
8.651925239330474637e-01
9.374455760287632167e-01
8.787103549889438980e-01
9.340691424412893573e-01
8.575747668665989476e-01
9.003346597284664909e-01
9.405493732017161657e-01
8.908561508001111573e-01
9.291121395049621867e-01
9.199198163838122611e-01
9.540522324791096409e-01
9.123791137818024755e-01
9.581542024426703552e-01
9.129815100258029670e-01
9.087163375014974953e-01
8.859661006964506536e-01
9.020660727654078448e-01
9.088455286602140637e-01
8.921315534164734329e-01
8.611670952144462321e-01
9.283764148900699453e-01
8.766943767552609623e-01
8.810177056763389691e-01
9.159352608626599723e-01
8.308054558009450030e-01
8.212777834940520050e-01
9.595324650658356713e-01
9.572333439098419383e-01
9.580427478906931027e-01
9.601412951741898905e-01
9.727440888570987321e-01
9.198090529973608209e-01
9.547853978779283768e-01
9.638887299055944879e-01
9.693358448045947817e-01
9.660761568060731719e-01
8.799002533234399070e-01
8.371173204119340960e-01
9.024755366318916172e-01
8.806554269444255567e-01
8.590163482398871508e-01
9.041462945202008994e-01
9.208705663088578852e-01
8.997123862782946402e-01
8.842238227637579939e-01
8.909689235932741758e-01
8.882947879368712218e-01
9.210607008618117986e-01
9.496005550157371466e-01
9.792280825089643148e-01
8.482782013070598870e-01
8.382633216922767971e-01
9.018065140846625027e-01
9.001821516157270109e-01
9.394968252083543137e-01
9.162426293335595995e-01
8.954384457379552797e-01
8.922956527970334895e-01
8.977099737769580479e-01
9.460360705371437806e-01
8.816891128099223485e-01
9.187504731552569304e-01
9.640934391613555920e-01
8.726833320999174415e-01
9.516979230804298862e-01
9.245307066355261671e-01
9.078693937092743305e-01
9.313318003862108840e-01
9.742636423795572043e-01
9.081548628227018582e-01
9.223429600425564479e-01
9.747079140518341012e-01
8.822574625617138899e-01
9.782106527623133374e-01
9.144943345407950952e-01
9.673160168853022212e-01
9.250595003731773014e-01
9.108198864342643697e-01
9.057519591264097114e-01
9.525475636702821491e-01
8.994798616042531947e-01
9.068167256997110570e-01
8.722703261257872542e-01
9.133690066001975971e-01
8.828424429811571050e-01
8.887912442072601893e-01
8.859785908344104399e-01
8.950723391411115060e-01
9.333160897419707780e-01
9.251104023915834862e-01
8.751145689730390753e-01
9.191957570916857723e-01
9.057123083683951137e-01
9.321549400017067333e-01
9.256805352341668236e-01
9.264846378922523273e-01
8.914950717342173814e-01
9.738697777464374594e-01
9.703929154262247447e-01
9.747183488732937828e-01
9.775861240467724755e-01
9.689408244245044655e-01
9.792583731108024381e-01
8.986026846216507158e-01
9.414071027431551997e-01
8.556777342069347148e-01
9.515372589598518616e-01
8.967169045521852233e-01
8.609824616395991281e-01
8.886621281943243300e-01
9.408563457246760242e-01
9.274832000828145961e-01
9.089710226902038004e-01
8.920753970871001526e-01
8.411294324749774010e-01
9.052852048760161585e-01
8.825130877675111396e-01
8.943778314650575600e-01
9.090568570209180965e-01
8.943016318997742964e-01
9.116324026652108392e-01
9.241339062007605243e-01
8.796710831707851286e-01
8.223993312715555115e-01
8.720741775508955573e-01
8.847789896389764985e-01
8.627418745804817934e-01
9.080004361587818984e-01
9.032004900401935377e-01
8.864450405802393185e-01
8.756911822613179242e-01
9.382861982824092228e-01
8.705822054654345221e-01
9.376843372838421509e-01
9.125147081173362595e-01
8.974188025889637821e-01
9.423730687016877994e-01
9.531488424931084946e-01
9.533833614712483584e-01
9.229714448912046398e-01
8.677243787937053421e-01
9.139732698049298776e-01
9.330799629155861474e-01
8.939160066505278390e-01
9.227680613567030843e-01
8.973361108436564981e-01
9.597812474282458872e-01
9.718734224845078096e-01
9.577817501096782538e-01
9.176304189880964968e-01
9.461009101613049310e-01
9.558484448112035681e-01
9.598292237494390200e-01
9.588575157690601980e-01
9.633085074904548240e-01
8.771467315996033243e-01
9.231318570276332292e-01
9.354476630510624169e-01
9.139622798747533139e-01
9.254685718712920561e-01
8.661834841005839891e-01
8.741981444207010954e-01
8.783137969937442335e-01
8.716486458461992770e-01
8.751163217857718113e-01
8.892354201664379731e-01
9.748707070157119903e-01
9.689644871175606688e-01
9.665998244161165820e-01
9.725991732390355526e-01
9.672291464976197073e-01
9.783684547254875019e-01
9.566102378826094599e-01
9.465433123521856951e-01
9.716938158124454050e-01
9.761638333202397044e-01
8.567783781610812666e-01
9.378552226884463439e-01
9.170977697303467346e-01
8.875427599616493302e-01
9.527356678193158457e-01
9.245641155950985457e-01
8.478631916408335689e-01
9.479934201141936301e-01
9.201995262342920201e-01
8.892267126872289706e-01
9.225644539264873378e-01
8.896972421649217422e-01
8.815092794338935667e-01
9.360971194813405560e-01
8.822451776703387205e-01
8.918400439279123848e-01
9.285412345365154918e-01
8.610598925224030031e-01
9.135311214483603504e-01
9.171354369518686100e-01
9.709340251183189441e-01
9.632268656678216745e-01
9.486813445416110158e-01
9.601310464888900276e-01
9.562415413319800273e-01
9.696209383854574870e-01
9.661998151184608696e-01
8.584749831040948687e-01
8.862271062629080154e-01
8.950067685445683985e-01
8.870503835216574373e-01
8.350737289984033751e-01
8.699116611464510207e-01
8.463836455346309684e-01
8.689126702701174265e-01
8.608941756810254420e-01
8.473422241262914545e-01
8.308083517724045297e-01
8.295024342010449692e-01
8.667683724579010596e-01
9.788991611447849239e-01
9.590701658728686407e-01
9.658468974603506840e-01
9.697857878065582193e-01
9.556543475180684366e-01
9.433887238869834713e-01
9.523601907818175505e-01
9.186516589533062493e-01
9.495908811979913988e-01
9.391972813622927463e-01
9.137056535881123986e-01
8.947548743074786870e-01
8.872416489664762818e-01
9.255565295051176866e-01
8.953684117647261465e-01
8.824710742437046340e-01
8.812063450560830846e-01
8.585624007470040731e-01
8.540527837519140686e-01
8.578584919873532000e-01
8.931934754319872383e-01
9.589998807408157688e-01
9.253426021745114749e-01
9.285997970503555576e-01
9.587732631594939603e-01
9.357970132118467177e-01
9.396956718883964221e-01
9.547116273752986881e-01
9.256053414617703146e-01
9.466244770382692408e-01
8.383695072652782576e-01
9.043969666100629690e-01
8.719549762411665794e-01
8.657688469609819970e-01
8.325405685950569845e-01
8.562863101685304068e-01
9.040337086201690742e-01
8.633623405945868301e-01
9.195826611871290579e-01
8.771252371063454900e-01
9.579099139455035106e-01
9.015034090853685234e-01
9.635120521539779492e-01
9.408149314966051113e-01
9.530446578747951980e-01
9.754937154689304890e-01
9.431678913533263486e-01
9.767636745517912500e-01
8.994557999694200445e-01
9.800631878625576388e-01
8.961637248351400631e-01
9.424596009609942371e-01
9.205509968573304391e-01
9.349298613530984126e-01
9.186814939395721025e-01
9.259262524438650610e-01
9.441997075332778655e-01
9.560789204794866158e-01
9.410614543325755976e-01
9.550371703099619358e-01
9.056136793837501475e-01
8.843966746082240205e-01
9.350121653779143172e-01
9.554629593340127069e-01
9.060342365299882683e-01
8.444616622057624644e-01
9.072479446308652218e-01
9.523137207827038209e-01
9.561755371657771896e-01
8.749433750489882256e-01
9.598432196548410955e-01
9.085786346887838594e-01
9.584800422008460385e-01
9.430273547509422372e-01
9.533380728036291440e-01
9.587345493936318963e-01
9.623664266212829110e-01
9.636680512130842979e-01
9.354603003174455367e-01
9.530086084987555717e-01
9.603259405343044230e-01
8.413053387003780470e-01
8.974828623779765868e-01
9.061325880846781144e-01
9.618709712027166958e-01
9.465544826713924165e-01
9.383095333818638473e-01
8.865260783072845818e-01
9.008260653882340652e-01
8.630764809539972493e-01
8.919315226924641182e-01
8.951569507264632852e-01
9.444275968364214124e-01
9.665779123876725443e-01
8.691254577142975002e-01
8.739793850093404703e-01
9.521244045410722778e-01
8.703049475506506871e-01
9.600233951880535743e-01
9.454750366721538235e-01
7.328678306584177626e-01
8.766359588984289353e-01
7.772026380575857152e-01
7.315016376346408222e-01
8.187142265534739227e-01
6.613373079562087087e-01
6.379950406027533605e-01
8.318364670173534758e-01
8.152723463270563631e-01
7.433368522358849706e-01
8.485627829911976949e-01
8.834298324742513309e-01
8.680744468492473942e-01
8.986821890074949692e-01
8.808976458089160522e-01
8.494410824614065936e-01
8.488764641306886238e-01
8.745968242447819119e-01
7.744958169350557586e-01
8.804643647163652442e-01
7.940772529692549098e-01
9.022549536525509284e-01
8.942285785978372203e-01
8.957024223759970649e-01
8.893183872555744385e-01
9.067668831905485449e-01
8.952054243621470064e-01
8.387433071269977392e-01
8.299583826429097755e-01
8.410206929266252907e-01
7.841513073947914414e-01
8.325918678462232991e-01
8.933081132708277083e-01
9.287680249987159131e-01
7.662534908543647827e-01
8.421416999414894633e-01
9.031631266209029230e-01
8.887103600923357272e-01
9.115560836651630527e-01
8.557859230833020359e-01
6.480215696262981995e-01
8.692059565247330921e-01
9.346084486248091849e-01
9.086490034456619069e-01
8.929010765062631583e-01
8.984247516192360727e-01
8.761137069370323882e-01
7.573500514046183074e-01
7.931357785786177228e-01
7.564902606415283559e-01
8.858350905364865691e-01
9.210884217245286498e-01
9.056294818162103910e-01
8.958804330362323265e-01
9.625111409703571708e-01
8.892266972352163013e-01
9.235380904433030391e-01
9.020139908881125157e-01
8.952500884670770986e-01
8.837218937074829972e-01
9.013062350541339862e-01
8.729128992874339854e-01
8.895489496444543009e-01
9.167571187241958519e-01
9.260188309377168636e-01
9.290593809333927977e-01
8.970041855642613138e-01
8.852486658354010718e-01
8.900951064229092324e-01
9.256798747006065309e-01
8.986351170510472608e-01
9.385244537212007465e-01
9.045720075336625143e-01
9.027777837340150713e-01
8.752726523310978557e-01
9.405006830760422876e-01
8.623919963091060126e-01
9.467870647115999017e-01
8.338597148207937959e-01
9.539456625289333136e-01
8.981046738395759288e-01
8.438866337340635848e-01
8.921097320066166958e-01
8.810139888259832519e-01
8.671190807742877871e-01
9.112280465916641203e-01
9.426546996297954228e-01
8.793191845219209268e-01
9.144473567597333208e-01
9.310011230607304622e-01
9.523821091444930609e-01
9.646318602819535792e-01
9.477982767760612104e-01
8.263092182979809852e-01
9.111788872485110380e-01
9.065172351362870140e-01
9.328864938384759942e-01
8.171510725944138853e-01
9.307985664112331525e-01
9.335609854489839154e-01
9.269687074045249719e-01
9.167790463133107526e-01
9.273935656461214094e-01
9.225207155085114463e-01
9.303265935106876938e-01
8.989983493472448739e-01
9.279685208904286942e-01
9.045066064869567990e-01
9.288579153053946325e-01
8.790518396490696329e-01
9.320819224139539338e-01
9.558993693274168146e-01
9.438029041666706753e-01
9.476481540899839295e-01
9.576874847939729207e-01
9.404479759877296674e-01
9.034769639881252701e-01
8.788958741251362561e-01
9.609035293410709277e-01
9.406560479241684591e-01
9.026964721938780523e-01
9.294873351392369809e-01
8.557916748769753834e-01
9.056232389504093039e-01
8.964199549433078396e-01
9.005110220995159453e-01
8.766545450870631973e-01
9.384667195467839562e-01
8.672869718726474719e-01
8.777816773046278609e-01
8.948565129885412972e-01
9.086920507263179791e-01
9.077592759060634231e-01
9.150733801432506809e-01
8.552870173973177170e-01
8.695984262427918221e-01
8.722808784389683989e-01
8.140191287167006795e-01
8.680580996443915121e-01
8.778560775496496715e-01
8.977209883746032348e-01
8.639365191902715901e-01
8.632657971583026502e-01
8.777316784964154239e-01
8.349227257063134289e-01
9.385141109986903096e-01
9.373977173833747401e-01
9.220215705069346734e-01
9.253992734282620036e-01
8.589657931496151866e-01
9.657794227902027906e-01
9.131167367223376186e-01
9.394601831517999102e-01
9.245133678900805396e-01
9.584130935992490885e-01
9.135893057683123208e-01
9.419955240042867661e-01
9.708333585310694458e-01
9.158708431009631168e-01
9.584133098614260327e-01
8.929686776857145292e-01
9.118272889416789706e-01
9.006522949695244806e-01
9.152204653769879794e-01
8.811083569619169165e-01
8.501471328891170298e-01
9.104146072732806072e-01
8.734886828103318734e-01
9.126277031617594515e-01
8.454889433597381210e-01
8.728289821986437991e-01
9.079531481923195368e-01
9.495849054837762759e-01
8.842387279808029410e-01
8.795342298043423712e-01
9.118840225433951785e-01
8.541781618032037171e-01
8.523141345788129986e-01
8.523194096990196478e-01
9.290466636479650653e-01
8.645968316067964565e-01
8.357452910976813643e-01
8.545827333796587322e-01
8.030444067212028081e-01
9.052969654238384178e-01
8.789529941126231760e-01
9.112982625726562258e-01
8.714142996346054826e-01
8.964565470970595751e-01
8.316974512673165343e-01
9.191883688235188421e-01
9.103928404597927404e-01
8.819242110867566709e-01
9.216731127920574362e-01
8.814929862258213955e-01
8.670997955951231795e-01
8.296588576292552863e-01
8.367280186068767334e-01
8.999427877446319890e-01
8.846249634168941167e-01
9.473250492898525055e-01
9.582465601852878656e-01
9.583904243365395370e-01
9.534070509596722642e-01
9.059641597653905754e-01
9.343335991160629517e-01
9.424906139894444479e-01
9.312057832901387000e-01
9.352951438088245029e-01
9.100707586475100808e-01
8.824470903411766320e-01
8.881328783421378326e-01
9.083479232281891358e-01
9.106869761498570526e-01
9.440306870744777923e-01
9.334664558551205582e-01
9.467383671066753603e-01
7.820896995887006709e-01
8.530874078967799479e-01
8.284478716695814482e-01
9.207347143502471187e-01
9.348425567783388290e-01
9.519838957799104939e-01
8.944566540475246130e-01
9.397819787156550531e-01
9.355615026955124147e-01
9.538015621873373595e-01
9.482845592258933864e-01
9.320770361051738950e-01
9.328154402536023015e-01
9.067488903969521674e-01
9.081617784647050273e-01
8.757907861284461859e-01
9.306058753362016489e-01
9.433199272225253340e-01
8.424055068595963647e-01
8.311248275729202772e-01
9.273846573168111895e-01
9.379078636717760320e-01
8.613970795195097230e-01
9.097259617902215822e-01
9.050624067153093533e-01
8.984307875190250536e-01
9.116058243011773143e-01
8.978192386908517841e-01
9.277862580585171104e-01
9.463568012527912021e-01
9.084654494094345223e-01
8.850437827661260526e-01
8.802426038406007125e-01
8.889076161987504721e-01
9.055788509334186109e-01
9.484305079679299366e-01
9.548249964349517782e-01
8.908024451032071633e-01
9.176591258922714989e-01
8.844319522854984239e-01
9.138602458321908317e-01
9.062456452631062476e-01
8.903443232380766625e-01
9.299191857033617392e-01
9.622961963981960798e-01
9.077879164383286792e-01
8.872422042212185778e-01
9.459572982911920169e-01
9.168891918391158802e-01
9.226789370782890742e-01
9.572175558445396026e-01
9.671247863269372136e-01
8.917491643175166072e-01
9.590511933307681591e-01
8.925201572364496183e-01
9.713878421012175357e-01
9.333642131273148790e-01
9.693637218406594425e-01
9.448059072168457639e-01
9.541930119988424330e-01
9.655461845569204282e-01
9.287625996449907495e-01
9.000690937897410926e-01
9.756236127227475574e-01
9.771785446307050815e-01
9.619798956524543421e-01
9.742909587251258330e-01
8.942317044742492671e-01
9.673757742042100594e-01
9.474569316243203199e-01
9.662139544857082374e-01
9.567835218995465185e-01
9.653431160628064278e-01
9.513791343980130266e-01
8.954560904251643860e-01
9.425921330592875735e-01
9.664373540305788435e-01
9.488666618147841847e-01
9.555093830117833420e-01
9.732721681640966738e-01
9.342689790579323805e-01
9.604211035379688344e-01
9.469293943539335290e-01
9.213682301433279154e-01
8.854142601389323186e-01
8.674491893196631942e-01
9.204773002396899884e-01
9.348382931275601715e-01
9.063183386942124109e-01
8.823291006884511622e-01
9.264175395916093292e-01
9.442255026399360984e-01
8.696890408916291282e-01
8.737701432008149194e-01
8.540443311593233222e-01
9.346130986142832109e-01
8.713897989843585323e-01
7.630870781756362575e-01
9.475715430382567472e-01
9.029326624441054161e-01
9.482655613924582116e-01
8.695306773742029760e-01
9.041070968538087449e-01
9.405990043561679448e-01
9.096039133228321916e-01
9.077539833569003846e-01
8.676644627372465113e-01
9.312550547728247752e-01
8.693198720335415519e-01
9.199421515010366424e-01
8.992136595357957951e-01
9.264807536009168620e-01
9.162695587911791062e-01
9.385055963600463791e-01
9.188194395078477239e-01
9.712027654841036695e-01
9.755142527534940156e-01
9.424105167689109663e-01
9.266586437595952797e-01
9.466060670017001355e-01
8.683246511383522215e-01
9.201040650238928587e-01
8.514461779784976425e-01
9.064672216643305802e-01
9.459564765305215062e-01
9.252788850130327925e-01
8.838977824017453244e-01
9.480686288489751368e-01
9.597005162691876201e-01
9.193895370748592644e-01
9.490095674450037544e-01
9.461745562735827120e-01
8.769106270752988763e-01
9.199034869901880906e-01
9.059456512705965636e-01
8.640365307745665469e-01
8.849507520238755198e-01
9.062916318926144132e-01
9.005557086095211661e-01
9.158158218515941584e-01
8.989484764241977288e-01
8.334577552872058925e-01
8.836284436952447363e-01
9.125326344853936789e-01
9.589334843114406537e-01
9.364907647347092690e-01
9.809265973573464414e-01
9.435811705211808453e-01
8.930512227427602756e-01
9.668884018267001057e-01
9.121927769155271370e-01
9.584483746453466013e-01
9.552483075383736422e-01
8.877208397765794512e-01
8.521041653439843655e-01
9.199358143909124319e-01
8.799478285680771839e-01
8.297807044836844614e-01
7.585339176886716217e-01
8.248055101838698278e-01
8.858604786548766041e-01
8.769572831079253117e-01
8.656598259061689671e-01
