9.701925564823751236e-01
9.601613635555521498e-01
9.681068998841333428e-01
9.756644673323469075e-01
9.812489756386881812e-01
9.586217457871542003e-01
9.741839919451651397e-01
9.784060008456120228e-01
9.710923597124574425e-01
9.660621421825553723e-01
9.768261362981135454e-01
9.792118195539977199e-01
9.674697715200331061e-01
9.854152354008429704e-01
9.738410857052635095e-01
9.586828283341529700e-01
9.777136851499372838e-01
9.578613867498817491e-01
9.267364145965635291e-01
9.707652360051740592e-01
9.163268389450816009e-01
9.660313403830663725e-01
9.573120912963254403e-01
9.762050348153625823e-01
9.520184282643285867e-01
9.745606534578593605e-01
9.841134262183242054e-01
9.743861501013407755e-01
9.554297643599805046e-01
9.585851667590511438e-01
9.771752757448166626e-01
9.777983645602243978e-01
9.581131672582987591e-01
9.805951825174514802e-01
9.759484611439553925e-01
9.703974989643796567e-01
9.877733869062204075e-01
9.841283344271948286e-01
9.700463353504010788e-01
9.774575386882500272e-01
9.585270876541066576e-01
9.654410481595192550e-01
9.636520715856512487e-01
9.722473153751316488e-01
9.757548374020856841e-01
9.708226915445556937e-01
9.778957186328725015e-01
9.772703351799990612e-01
9.664459035976065149e-01
9.723814876621952319e-01
9.666375250043981460e-01
9.893940471285574967e-01
9.695392974929259999e-01
9.600593698991479741e-01
9.651696377537837268e-01
9.802307044386686652e-01
9.793619263978787792e-01
9.267458642269422731e-01
9.578829590250745873e-01
9.686202708016083962e-01
9.709465610188937612e-01
9.646599301819083205e-01
9.687268908828318148e-01
9.744949588132257867e-01
9.705347719568797604e-01
9.787757334778037777e-01
9.703448892759181099e-01
9.571499092998830838e-01
9.765795099528549184e-01
9.681826158721104081e-01
9.726947662106544268e-01
9.668802251379847723e-01
9.655470993540613556e-01
9.854630808809110576e-01
9.809093828441208807e-01
9.802889041795164182e-01
9.619125752965178577e-01
9.558154797899024446e-01
9.605949336096812896e-01
9.657172656659464005e-01
9.739902422890546196e-01
9.799148046810861601e-01
9.787527987110500316e-01
9.575725961562739919e-01
9.750455774532302833e-01
9.707358116418887128e-01
9.765807911302902822e-01
9.789729600665129094e-01
9.737376088810797414e-01
9.786112440281805602e-01
9.632488021793671473e-01
9.707979090658903631e-01
9.694117305759119008e-01
9.668022435792418268e-01
9.709964026429782624e-01
9.820910376756192273e-01
9.748346166932723156e-01
9.520564937210083123e-01
9.776865549903388519e-01
9.745646712483555518e-01
9.734043467780610914e-01
9.504608877775974074e-01
9.582203656280254833e-01
9.737810164015399117e-01
9.648090366061070622e-01
9.786700016897250665e-01
9.693131253311524365e-01
9.625752701978006476e-01
9.775087544810324713e-01
9.629955117405831766e-01
9.831710853403606842e-01
9.761092894355926086e-01
9.798143416923986715e-01
9.734905170493917126e-01
9.828218602159713990e-01
9.734694696714168982e-01
9.491153350764578445e-01
9.762654627050949552e-01
9.713921027617300474e-01
9.651232699827297923e-01
9.853224915573587372e-01
9.687575790058782221e-01
9.760782544680792761e-01
9.799519465438540911e-01
9.640616421782095546e-01
9.610929239969938642e-01
9.727169571514873159e-01
9.637329699660196480e-01
9.778148856002957245e-01
9.554938155160445090e-01
9.573097084556164704e-01
9.789255641872913749e-01
9.750565639218935488e-01
9.693423478036773400e-01
9.793274765813582139e-01
9.864338027474626180e-01
9.738797066726390117e-01
9.790987615028592383e-01
8.697668508470506321e-01
9.665093660861342473e-01
9.801034326855178058e-01
9.653519256781268876e-01
9.655525532434020564e-01
9.776766107729661925e-01
9.607262273109518080e-01
9.732972575592256925e-01
9.550835781444733108e-01
9.567061941495867972e-01
9.726821894970508753e-01
9.700094576682456449e-01
9.700436907200546965e-01
9.695729590526277475e-01
9.673207482172236915e-01
9.687547885375683565e-01
9.576877809975331557e-01
9.513228263846933430e-01
9.532699445915313596e-01
9.785738037824007751e-01
9.665050354258429843e-01
9.762511204088837324e-01
9.756934319218205642e-01
9.714789016883438322e-01
9.801856925246592578e-01
9.681744190527198368e-01
9.798881197276673172e-01
9.790399413877892698e-01
9.739080107071276249e-01
9.687687954751916797e-01
9.670679360554081949e-01
9.754456541468223829e-01
9.675707207808683652e-01
9.459819106869795657e-01
9.743295368251422284e-01
9.868699532600996305e-01
9.784756187300824859e-01
9.775294839939088209e-01
9.424915139386185192e-01
9.430201701892879651e-01
9.751459891352619591e-01
9.685830365738874459e-01
9.819328204406092553e-01
9.737478826400970400e-01
9.805576491476043488e-01
9.562222263439107417e-01
9.812360710887038096e-01
9.809253072873167500e-01
9.615550880383733068e-01
9.589457106239280826e-01
9.773816146279191708e-01
9.619021829045235616e-01
9.738094432506380072e-01
9.686968182581957576e-01
9.657298742932776126e-01
9.684357870182368488e-01
9.600625433735661129e-01
9.578031681222789473e-01
9.660843544287934792e-01
9.729019520597732562e-01
9.654611946185035487e-01
9.827836153588066503e-01
9.816825739245387261e-01
9.864647388230590730e-01
9.549369473743142267e-01
9.739566341667060811e-01
9.844539029001994068e-01
9.768501839370679063e-01
9.798916132090269571e-01
9.774067617365130856e-01
9.837422390961502172e-01
9.740896639114768885e-01
9.749144922181363082e-01
9.668404462453331627e-01
9.640767046234117732e-01
9.643784057421858069e-01
9.854174271659018602e-01
9.716640859646393791e-01
9.636250440800449013e-01
9.369679680885164563e-01
9.783754539632770753e-01
9.702960953483633633e-01
9.738249098818290150e-01
9.735410414471685758e-01
9.754039572012562775e-01
9.815400531703749598e-01
9.707964600117165999e-01
9.745569356113085169e-01
9.724760658862060536e-01
9.795544856197748729e-01
9.747142494336905605e-01
9.604159289939965261e-01
8.977639976790486864e-01
9.627072424396887484e-01
9.732887441676023599e-01
9.721119377014861840e-01
9.698033258306749671e-01
9.504050762196860624e-01
9.769396496887151615e-01
9.729286374573837826e-01
9.790081843114931681e-01
9.720115193742082660e-01
9.647921559281250614e-01
9.765332216167776913e-01
9.837318278118190040e-01
9.669285681704077318e-01
9.771764200493929797e-01
9.788132602113390757e-01
9.790415792534629125e-01
9.819981658268942537e-01
9.471463424576392898e-01
9.777882936597837027e-01
9.788760516108201415e-01
9.684932626707164482e-01
9.672457131716176715e-01
9.629752446458158532e-01
9.687425379925798108e-01
9.539161773462453420e-01
9.650352035191095412e-01
9.823635920682753930e-01
9.685217331501821958e-01
9.641997670999515879e-01
9.772349157435773481e-01
9.690860524481479388e-01
9.700234136276685293e-01
9.302832011471736662e-01
9.685397882737258879e-01
9.683241405521838541e-01
9.800377838228714333e-01
9.658053223230217421e-01
9.441426986370514696e-01
9.750490110212267636e-01
9.552605157586164797e-01
9.748851748196551981e-01
9.768935088832029212e-01
9.656055829744683017e-01
9.679019591162126845e-01
9.763892971509100516e-01
9.833638810974981714e-01
9.725919458437608522e-01
9.818494160839357221e-01
9.807199194010555177e-01
9.716306357139364858e-01
9.598664115368641392e-01
9.722082719061790890e-01
9.779905151352618065e-01
9.595721145065206903e-01
9.818706517105213472e-01
9.582181179289278594e-01
9.641187805916611175e-01
9.812983456365345081e-01
9.838336418062885169e-01
9.701377138046917148e-01
9.787242270086928819e-01
9.629792035584822107e-01
9.646431521069507298e-01
9.742686873624758492e-01
9.726132571960576234e-01
9.686941689829621227e-01
9.692894808842291710e-01
9.782409080614662411e-01
9.491516120537614176e-01
9.783368676662748120e-01
9.659509906187089268e-01
9.811366591428579698e-01
9.786110281575921555e-01
9.790255614194274258e-01
9.828875391892804014e-01
9.735137813921653782e-01
9.739040600347326215e-01
9.677894486501876781e-01
9.749477224329415881e-01
9.720383037332772647e-01
9.780737106332892949e-01
9.706497427798388422e-01
9.739056913920273173e-01
9.756719333384462622e-01
9.739497987281563463e-01
9.691268350288833044e-01
9.653615408792195485e-01
9.664337416444563900e-01
9.764684800324539005e-01
9.638802660386762700e-01
9.499285228462657216e-01
9.710221527426484700e-01
9.648442040316502766e-01
9.607774690365300518e-01
9.737092842267437431e-01
9.703543632520792439e-01
9.755667235480659505e-01
9.797088226077118600e-01
9.740218088179350975e-01
9.714567937829202693e-01
9.672886878843666159e-01
9.807394276820228241e-01
9.691360703697271539e-01
9.881512943791455061e-01
9.773125055891945800e-01
9.820615823716115633e-01
9.774176213482489439e-01
9.767434334065677737e-01
9.747885055315964609e-01
9.762194417822466219e-01
9.783126549872250832e-01
9.743563307064342371e-01
9.637818071956177901e-01
9.737673803186397414e-01
9.847956764958276654e-01
9.847505093223023476e-01
9.734585755922415817e-01
9.769038690773027556e-01
9.075127145850193644e-01
9.628106000948541965e-01
9.395708898732672010e-01
9.782576687133337501e-01
9.784050677807694107e-01
9.677027601742115293e-01
9.719867696680353220e-01
9.700917022144023294e-01
9.492634914587809725e-01
9.592661181631220169e-01
9.652127776602417164e-01
9.655196144818163351e-01
9.764385286031013189e-01
9.854744369275951765e-01
9.675790352139763684e-01
9.807248484261436028e-01
9.663884364355546097e-01
9.576518388318269182e-01
9.706833776162721028e-01
9.698930151900473362e-01
9.738500815504994579e-01
9.749990550891839414e-01
9.584993289891331480e-01
9.765540130153383958e-01
9.518788843151773094e-01
9.561180908360670250e-01
9.741349581371702149e-01
9.746491832145436351e-01
9.746065094231828319e-01
9.768298574901785880e-01
9.802193598360303683e-01
9.588743948432891795e-01
9.731778329868132627e-01
9.869559493975263997e-01
9.546511027106542313e-01
9.695265566009996228e-01
9.692250957042696236e-01
9.564542454813664829e-01
9.639068024446557637e-01
9.704891538169913012e-01
9.750140848849335740e-01
9.749767996142271187e-01
9.808684025653313654e-01
9.760228349484332266e-01
9.908360021704182286e-01
9.656769306774559691e-01
9.724712025033654950e-01
9.731421996116834672e-01
9.712718957813587517e-01
9.598955160761016847e-01
9.848370343154420059e-01
9.741156843219003214e-01
9.653779681494147891e-01
9.668715346729218618e-01
9.662696143600826293e-01
9.805666964401132946e-01
9.771026936720171863e-01
9.765880243294770002e-01
9.666531793199939493e-01
9.691834395114694578e-01
9.669383639920238194e-01
9.547593433106449368e-01
9.879117501577107108e-01
9.818312304393345125e-01
9.642893576335304084e-01
9.689171327021754987e-01
9.747455621214687893e-01
9.713792456416431298e-01
9.519902570795952812e-01
9.767172702740233303e-01
9.864914973081431171e-01
9.732024777694079365e-01
9.548033195968466114e-01
9.629466431518713954e-01
9.747670689273268962e-01
9.549132490245263449e-01
9.770981650950518738e-01
9.796583129822272751e-01
9.671963486440311453e-01
9.640887866708718335e-01
9.684928866411464110e-01
9.714809461754738695e-01
9.652620753714861168e-01
9.745670297534629878e-01
9.652173803747312597e-01
9.694253840294194680e-01
9.719364626158025766e-01
9.747993473357066119e-01
9.736743988794892557e-01
9.643066277519709573e-01
9.731088987051346173e-01
9.782562494694847510e-01
9.688922758435895011e-01
9.609304152898340279e-01
9.726339045219063451e-01
9.749929634495028141e-01
9.444654250708677257e-01
9.696377409485591459e-01
9.604505284762251405e-01
9.569538046276815368e-01
9.747554891792336029e-01
9.662144767028028047e-01
9.700035009015002263e-01
9.776616069229203676e-01
9.755576563361195719e-01
9.780870929421943138e-01
9.765978022865048347e-01
9.782772517938440604e-01
9.764781484988130922e-01
9.679537352097999925e-01
9.822698647427070551e-01
9.548717155429997661e-01
9.724918323159884581e-01
9.785902529423257112e-01
9.691301226436603855e-01
9.622656082015199619e-01
9.699209396734477240e-01
9.754334146304939335e-01
9.815250866638844940e-01
9.730969855884454844e-01
9.747308686933062738e-01
9.697415058607792293e-01
9.708968786743975565e-01
9.713746183652115507e-01
9.670315298561461548e-01
9.810864413443410870e-01
9.707681614714283036e-01
9.145488245470781985e-01
9.713018867144986856e-01
9.720087617231502053e-01
9.704314554530090176e-01
9.662382165528752287e-01
9.711374947935618174e-01
9.819341641798563503e-01
9.732012089818842249e-01
9.789349037390060460e-01
9.709063780421164358e-01
9.647253831788654699e-01
9.705918818316593422e-01
9.670750717912511840e-01
9.681745577727988161e-01
9.852548638825059379e-01
9.748601519614832345e-01
9.700615154955742891e-01
9.578336440959633880e-01
9.417762611091579084e-01
9.599114616612295370e-01
9.698183829328725913e-01
9.723845284172983883e-01
9.732505211226925024e-01
9.943541728285516523e-01
9.719157884693856442e-01
9.731408111542333428e-01
9.766603040518792023e-01
9.573065565534132348e-01
9.651395616279779821e-01
9.792766925082747598e-01
9.719371982139163313e-01
9.714171857746954908e-01
9.755402715095526922e-01
9.711293722560274677e-01
9.525896611951919501e-01
9.709138238237758900e-01
9.674044342687754261e-01
9.599938548459664434e-01
9.337640882321641689e-01
9.747458530544477195e-01
9.802724773892349530e-01
9.739910945991611113e-01
9.687054024399812668e-01
9.675864037675637741e-01
9.776634585123037402e-01
9.781096364764614304e-01
9.647463224958602312e-01
9.725950666786981058e-01
9.770251116046173578e-01
9.574873147567493081e-01
9.748321036815521534e-01
9.763368161850258797e-01
9.687958978574245927e-01
9.714961802163929461e-01
9.595179266548083952e-01
9.569539668545193889e-01
9.813987184054034918e-01
9.850788295109687009e-01
9.610827052918775593e-01
9.728864429023013072e-01
9.806569580896108418e-01
9.607515258573894323e-01
9.793368357655212186e-01
9.731038292417470981e-01
9.707174518905634653e-01
9.785690304726580857e-01
9.676154942460799546e-01
9.661496399930625811e-01
9.729872882758534569e-01
9.732194772514169978e-01
9.704874820235910304e-01
9.768096785578483932e-01
9.720890773573367394e-01
9.616808905373942507e-01
9.675196961925135453e-01
9.741217213482693538e-01
9.655584032306380182e-01
9.670712356785725605e-01
9.754441844516253957e-01
9.641344763483209457e-01
9.743528884677085111e-01
9.643348876049768759e-01
9.809058062900951613e-01
9.648220223505731274e-01
9.769254167417577017e-01
9.455785524728602676e-01
9.735375651833059196e-01
9.741185273193189165e-01
9.657440016393292748e-01
9.794227773923031011e-01
9.608979352479545266e-01
9.664582063078558383e-01
9.815626039866300889e-01
9.638403635908532330e-01
9.310283186319510129e-01
9.715592055318186260e-01
9.725502853280422189e-01
9.778563817674018610e-01
9.804348740459950529e-01
9.757613912346860818e-01
9.726140353580625675e-01
9.690980676632874324e-01
9.687363965291169166e-01
9.772901949141398203e-01
9.837874836346643947e-01
9.783826050303068289e-01
9.628565878923414090e-01
9.717330195554473304e-01
9.798189731996717056e-01
9.675821735096978848e-01
9.684687118112781379e-01
9.624689018094469972e-01
9.577461865078932268e-01
9.511268622092098335e-01
9.721201738501141776e-01
9.658552389765037161e-01
9.757062865255162754e-01
9.760980294306011995e-01
9.753328338936695374e-01
9.773597588292968208e-01
9.662228604651568187e-01
9.646877355255899511e-01
9.733095940735249085e-01
9.652304887645216658e-01
9.183071953612322869e-01
9.692390072820648017e-01
9.757691856353648552e-01
9.747508866888561219e-01
9.652293940789048454e-01
9.711680359221394054e-01
9.683075156725035049e-01
9.799722694176645765e-01
9.760904402783743272e-01
9.275710213646174429e-01
9.745462000751027309e-01
9.635948163989325188e-01
9.744509452812810668e-01
9.791303957585697493e-01
9.803582418709335666e-01
9.575888565604271374e-01
9.449448536143255639e-01
9.691683544117608573e-01
9.738308586015660406e-01
9.649402435211013040e-01
9.628118813477541948e-01
9.620283956988926466e-01
9.704595218163932779e-01
9.749432519713004952e-01
9.715648287990434895e-01
9.746918770166324020e-01
9.605619463438971328e-01
9.724706934016820181e-01
9.841453611605636143e-01
9.786387018338253974e-01
9.795618946332663723e-01
9.707428896220826608e-01
9.583412599711073065e-01
9.878713223977302338e-01
9.741357295554874396e-01
9.826977431553178821e-01
9.724468212203510875e-01
9.737850341327478620e-01
9.567839776927387074e-01
9.775511948464387091e-01
9.746860005942700189e-01
9.748067978609213924e-01
9.676973103462533921e-01
9.816042774177569097e-01
9.579428047030366100e-01
9.672635192637176749e-01
9.837797815773633436e-01
9.715673048065379680e-01
9.649927222937663140e-01
9.792247505999069901e-01
9.865557678524871088e-01
9.651986151140184989e-01
9.710272048037237314e-01
9.633324914977126063e-01
9.670700422982216882e-01
9.626537535030221804e-01
9.692193958697885581e-01
9.747719849448127638e-01
9.644139811319946132e-01
9.788350874956284198e-01
9.607850901134171728e-01
9.592723960326980936e-01
9.761549981698099954e-01
9.713986379040433494e-01
9.812243206003631313e-01
9.665920105149516939e-01
9.686435841823571868e-01
9.720446471191841464e-01
9.834484152295894788e-01
9.841965808379660174e-01
9.743244894857168159e-01
9.634143701848881802e-01
9.654619780903714865e-01
9.800347666638236088e-01
9.672196298797213210e-01
9.789805724757643102e-01
9.790112697480446435e-01
9.746332219903932614e-01
9.578194177637836537e-01
9.763974569867420739e-01
9.714173885599436398e-01
9.649174246856810910e-01
9.762268201044762561e-01
9.794895619885365390e-01
9.702451872733027782e-01
9.852711582207014374e-01
9.764922578854529078e-01
9.843577732996174889e-01
9.838792625394293667e-01
9.626776829169767513e-01
9.733324380096474160e-01
9.808613694024919116e-01
9.748535202114677611e-01
9.668756343566300426e-01
9.685682109903304138e-01
9.808349259792671360e-01
9.840144695222526883e-01
9.640298401830281749e-01
9.804304397197157739e-01
9.719233039332286772e-01
9.799912652626394660e-01
9.666546234713383479e-01
9.813771385666427705e-01
9.864502527019983757e-01
9.739558526856824106e-01
9.711549264904267842e-01
9.793761111738564784e-01
9.625964278109891969e-01
9.657331873143113476e-01
9.556079093887532849e-01
9.634985818003430902e-01
9.801845736522076802e-01
9.752204127023004210e-01
9.847996651344140817e-01
9.734754225001450711e-01
9.820222839862570163e-01
9.678943678871838596e-01
9.769476041843316860e-01
9.651583958128157059e-01
9.529244599063915189e-01
9.693823518533630779e-01
9.805122961077058497e-01
9.824377075648096369e-01
9.793687735571006137e-01
9.748552470443695439e-01
9.722766492960821516e-01
9.550537919426779210e-01
9.597319378796909106e-01
9.771466092267295789e-01
9.760361250348200679e-01
9.426434464589481532e-01
9.785291579428121445e-01
9.812482978131277234e-01
9.744601829724722775e-01
9.699701315229942722e-01
9.659437607141057036e-01
9.754357423784572045e-01
9.723049824919204331e-01
9.705833992961663270e-01
9.770697531113254897e-01
9.821899552264073963e-01
9.735669621405781404e-01
9.632198759544462474e-01
9.656556599084268333e-01
9.742898135017744599e-01
9.721022716352244464e-01
9.731153039130181481e-01
9.720127243456727628e-01
9.690379247595390932e-01
9.771263195792123657e-01
9.704919737928469070e-01
9.870450355292548217e-01
9.658686972761321154e-01
9.827439858128138583e-01
9.683852551575994339e-01
9.541888322059112193e-01
9.746882957748921328e-01
9.825054334009748480e-01
9.784796021874843097e-01
9.596499553227951784e-01
9.662530686096740817e-01
9.713499527934512656e-01
9.634320615376587016e-01
9.601118349520860740e-01
9.726709905595423145e-01
9.757801374347445655e-01
9.512845572756359891e-01
9.748460858162477649e-01
9.695702038333842143e-01
9.775163517086806753e-01
9.786314424591919803e-01
9.693176929711908585e-01
9.675170893585818277e-01
9.803132095252338196e-01
9.811205455619623761e-01
9.733147447661326668e-01
9.616986006119878638e-01
9.824494061838783265e-01
9.654162797797946061e-01
9.691461290634761916e-01
9.765853128221959611e-01
9.952819343776790895e-01
9.736812499598931359e-01
9.661819723435214335e-01
9.723819444301015080e-01
9.676499291321796203e-01
9.707687705804555200e-01
9.757522474922509792e-01
9.800699170839157759e-01
9.819595763537509736e-01
9.736447280584666908e-01
9.730356007106520932e-01
9.761914658218913132e-01
9.746354862791299922e-01
9.731413220746553128e-01
9.747549958328947106e-01
9.554456057353768461e-01
9.796486704119168332e-01
9.715996805888048593e-01
9.800731342860098394e-01
9.765232368823240083e-01
9.610104161984620585e-01
9.776308692253785626e-01
9.743512706061058237e-01
9.647236598542618946e-01
9.803052892844019706e-01
9.497285134943997953e-01
9.612740165799815717e-01
9.748026690384260506e-01
9.734942604432994528e-01
9.655910740746600496e-01
9.678698630574646966e-01
9.676273995172467446e-01
9.805780859482285949e-01
9.690066450874059711e-01
9.524938142295534815e-01
9.686916314934711503e-01
9.755589666963800921e-01
9.849101846354482159e-01
9.824642014024607128e-01
9.856555418764989529e-01
9.598807108127329624e-01
9.709174616853891715e-01
9.395126601520615850e-01
9.823887001477539238e-01
9.629493181738816299e-01
9.764565358394556860e-01
9.699058187099111050e-01
9.680527233741822446e-01
9.774193347459995129e-01
9.773323395703646943e-01
9.772454314199410241e-01
9.656813491867535237e-01
9.761552456199438232e-01
9.675356703493648292e-01
9.662330470751113731e-01
9.581884850413309174e-01
9.783447869452772672e-01
9.718502040810157450e-01
9.671374969364440188e-01
9.768924450349333322e-01
9.558710549447470006e-01
9.523776725092469864e-01
9.595272091012682081e-01
9.754506395672157826e-01
9.733992439011152076e-01
9.697375218032892041e-01
9.655822951332398985e-01
9.662707004748435358e-01
9.807707578883567701e-01
9.796072095248804512e-01
9.674822730954676375e-01
9.342942991062923586e-01
9.679453419195677144e-01
9.535166304145271665e-01
9.570638022761601693e-01
9.357291607965180225e-01
9.776888618857578761e-01
9.753728953248840261e-01
9.668174532780268171e-01
9.695913271077954976e-01
9.753877005486625285e-01
9.791846722947669113e-01
9.753589544639257314e-01
9.558009234521818165e-01
9.768440110441923840e-01
9.814809725108543104e-01
9.778798541069689820e-01
9.707062852987142776e-01
9.718343405697149606e-01
9.678351231137061195e-01
9.696257078078631686e-01
9.773844851211765938e-01
9.725631921179666017e-01
9.770180607053814414e-01
9.625622930822228529e-01
9.716317973497374805e-01
9.777180937470572042e-01
9.760214999192703411e-01
9.774707686439835230e-01
9.675109135950885619e-01
9.639931399151930869e-01
9.646824804985337787e-01
9.734893875816789111e-01
9.712461422506064590e-01
9.717558218977563333e-01
9.636242626942774780e-01
9.845267840802830461e-01
9.757028481479129711e-01
9.764423699841409121e-01
9.779009747014748566e-01
9.680517126679911710e-01
9.797557082955685726e-01
9.578203352166841933e-01
9.686069989316555828e-01
9.768761025988944580e-01
9.705375750564021464e-01
9.732142309625302357e-01
9.766784650933314493e-01
9.768569382691972836e-01
9.838095992347445362e-01
9.666058771600006816e-01
9.674545755397475633e-01
9.767966293510601528e-01
9.661492138756251347e-01
9.720359148826119844e-01
9.493817043443758541e-01
9.876686599709264547e-01
9.754497046356840340e-01
9.779982349905829153e-01
9.540780954649352719e-01
9.661792483476537852e-01
9.853403020590522088e-01
9.727398038992742801e-01
9.504376220719283896e-01
9.751135749789539009e-01
9.730923260095976079e-01
9.840834633105544071e-01
9.715523563737848978e-01
9.775168333622351602e-01
9.835407097295981727e-01
9.695286694192133403e-01
9.770826191910613190e-01
9.655091451952763082e-01
9.721825048461580909e-01
9.692991657358837054e-01
9.561906890279358029e-01
9.775903104763414841e-01
9.793923710411794881e-01
9.818034973087306216e-01
9.605086890547782641e-01
9.500323073682066521e-01
9.671500859882571355e-01
9.804206449676048374e-01
9.879265177961136235e-01
9.707599221325942107e-01
9.804718734232447108e-01
9.749131189798730945e-01
9.741377738555959676e-01
9.701811971965977888e-01
9.699687139888155674e-01
9.635031383055189247e-01
9.881376883896801910e-01
9.722108433570676445e-01
9.808170830615732250e-01
9.775015256634044247e-01
9.753357473475242623e-01
9.781662038358465150e-01
9.736656447569257411e-01
9.660219741275145600e-01
9.770783518795169709e-01
9.670598885882010221e-01
9.733700760629043769e-01
9.622790929687554673e-01
9.751555150750443879e-01
9.856692989414945760e-01
9.758902953060897278e-01
9.756013268509533543e-01
9.619699241325172512e-01
9.387518694004206576e-01
9.510053800265363400e-01
9.731872236658789532e-01
9.656324422536217700e-01
9.658796631448598458e-01
9.770917558657360447e-01
9.790106164602859762e-01
9.705605441544471468e-01
9.636156748667837890e-01
9.905117394179894230e-01
9.738435672542863353e-01
9.787981141501866933e-01
9.835642329906547632e-01
9.476014813239460599e-01
9.700428037069483977e-01
9.791447199968611459e-01
9.692618449107659462e-01
9.775564888551158127e-01
9.816961846912629630e-01
9.773069379224981201e-01
9.775030246057941907e-01
9.757442560314708579e-01
9.516343002169818099e-01
9.752246979885647038e-01
9.766292723690389588e-01
9.669689382293482627e-01
9.801871876817495055e-01
9.732662834755229087e-01
9.658039013963211072e-01
9.630742229704636337e-01
9.702833920784532662e-01
9.768343791591500569e-01
9.776128881785273173e-01
9.797966403344309239e-01
9.559858736786839284e-01
9.783883686314883699e-01
9.572789830309452741e-01
9.627844789688277949e-01
9.707755562765145729e-01
9.755537208345775868e-01
9.755868316777522864e-01
9.574746862487774068e-01
9.717027700158661352e-01
9.768228456141894167e-01
9.645250330497106006e-01
9.726982674025551612e-01
9.891801790976320063e-01
9.743949980152594170e-01
9.759084322768328823e-01
9.813529480232663360e-01
9.192750516573632291e-01
9.657386559220310085e-01
9.550092032106737294e-01
9.621240680717161320e-01
9.798152298575225627e-01
9.708242963707582884e-01
9.654337958775318640e-01
9.855146130421865713e-01
9.751595409397797454e-01
9.828327016251374726e-01
9.775577542384317198e-01
9.805294084536910759e-01
9.679097341800544374e-01
9.698048306996482903e-01
9.752445448122604166e-01
9.738768643077649889e-01
9.778495040448611508e-01
9.776576489421692218e-01
9.708763789368548558e-01
9.606740812843954647e-01
9.543685731327620214e-01
9.675907274506880817e-01
9.578258677921480668e-01
9.553230757149038244e-01
9.767891368831996823e-01
9.798271770703514960e-01
9.630456387281068897e-01
9.724190413772578756e-01
9.742200628846247046e-01
9.624252972479483415e-01
9.636900393015717103e-01
9.757144416395595599e-01
9.718163257348041428e-01
9.685093674842625289e-01
9.799838510564320426e-01
9.592073347634344493e-01
9.713848603035346585e-01
9.773304859373480591e-01
9.762700300814535215e-01
9.713977014376229402e-01
9.651855508297022546e-01
9.587006004473084264e-01
9.749257353083791156e-01
9.820339128632632475e-01
9.725750871721507984e-01
9.726910736023175463e-01
9.641793133024088025e-01
9.874489634601113508e-01
9.438188201422893497e-01
9.425018741115696042e-01
9.908733644362985871e-01
9.703690412341758886e-01
9.746684612717666507e-01
9.656484974976938807e-01
9.821806818542717643e-01
9.833990058486752339e-01
9.752173876851085721e-01
9.373399265394046775e-01
9.667431963905287473e-01
9.839010339557180407e-01
9.812712772356485535e-01
9.675943694688839969e-01
9.776059461376970239e-01
9.806986245872556518e-01
9.718976571051509694e-01
9.671971517665988172e-01
9.714592514970890047e-01
9.739230885082945655e-01
9.714770214198774623e-01
9.719053041152696526e-01
9.788826544057068757e-01
9.776101567608419529e-01
9.608864931166201107e-01
9.601647172715365164e-01
9.745280363249488875e-01
9.422601743008146569e-01
9.841775724406539583e-01
9.816478978575201575e-01
9.703751249812014867e-01
9.726879463095249312e-01
9.765854434714263954e-01
9.756198624282175214e-01
9.665502361327142911e-01
9.786671156341533173e-01
9.835604479297904712e-01
9.796820972369976177e-01
9.730107859768769574e-01
9.696047734639571258e-01
9.699463984919697301e-01
9.691430485039077558e-01
9.798887552903445819e-01
9.781833366281934561e-01
9.763997887321735902e-01
9.758668906773201313e-01
9.725152151001653644e-01
9.750113424540419738e-01
9.701971577400977376e-01
9.835273418871867124e-01
9.738429758577592521e-01
9.531576109952284437e-01
9.823240440035447829e-01
9.732020973036410449e-01
9.721751118761818855e-01
9.670937694992900457e-01
9.751292763510545081e-01
9.755802508382273031e-01
9.815021731588933207e-01
9.816801059951030251e-01
9.770858313415194951e-01
9.863302816317858213e-01
9.734694416100674319e-01
9.717638727856241498e-01
9.782240509435978781e-01
9.398893120493548858e-01
9.731481006479834051e-01
9.816884767411914181e-01
9.501216326743351370e-01
9.759056222299148375e-01
9.736801249856953389e-01
9.617326704768212053e-01
9.741089125670107096e-01
9.670757716563290751e-01
9.753089643069072778e-01
9.699396433933022976e-01
9.575759407817987512e-01
9.815558893553065767e-01
9.779601009425710201e-01
9.617428842779718323e-01
9.604133158770747913e-01
9.670602819207145817e-01
9.813343741468740777e-01
9.747547643293118513e-01
9.655942386028990576e-01
9.799434273295948294e-01
9.729471855236843103e-01
9.700841614016161296e-01
9.668817686752103624e-01
9.819672714885591125e-01
9.782821242582251386e-01
9.758271810281622383e-01
9.782566993915001730e-01
9.806258329863803969e-01
9.689937148861303973e-01
9.784965759322377110e-01
9.673322218036017883e-01
9.794985899305288513e-01
9.465220051060346806e-01
9.805972736799198897e-01
9.839114215074642456e-01
9.689665353040651796e-01
9.699691425581870030e-01
9.883051068573732723e-01
9.797905604508942989e-01
9.705936853412283627e-01
9.722567204984359224e-01
9.742614822965699473e-01
9.811561096905075940e-01
9.654667818543025692e-01
9.786542425223202502e-01
9.807282849542237058e-01
9.778882941027337017e-01
9.707999497503018160e-01
9.678772660530334804e-01
9.763576972184061509e-01
9.716108399401657270e-01
9.809114854900271574e-01
9.777727144543842952e-01
9.677858625065984821e-01
9.731993933344499359e-01
9.670332544707893607e-01
9.520527113950238984e-01
9.749750314273964991e-01
9.692697570503159277e-01
9.644641768680930483e-01
9.610534781413684335e-01
9.739826162404392473e-01
9.782459390644702157e-01
9.702987587896256816e-01
9.700650889336936977e-01
9.702653184481875304e-01
9.748854489239963117e-01
9.812858920126608098e-01
9.699121327205687537e-01
9.831937876073624238e-01
9.620568948959400402e-01
9.871337941122303450e-01
9.688786703726359750e-01
9.671492366098832782e-01
9.796589541445184235e-01
9.778999836129331769e-01
9.684631673009239661e-01
9.640883627378161735e-01
9.734140074031301104e-01
9.655270555875733463e-01
9.704967580692560603e-01
9.869920287175238949e-01
9.736493104366950035e-01
9.768003563333018668e-01
9.785730179397866824e-01
9.669485494707028561e-01
9.755931215218264230e-01
9.678955672204175853e-01
9.759060764553466605e-01
9.835274194507939161e-01
9.709039024026410170e-01
9.394920589753616991e-01
9.750498166472468808e-01
9.831358642137767445e-01
9.852967897634951067e-01
9.670432124299799259e-01
9.817657961103551933e-01
9.744415733851048422e-01
9.641068540257575759e-01
9.806503479178118043e-01
9.716985903355378484e-01
9.702422656038850457e-01
9.758174862912589731e-01
9.709745973694491328e-01
9.693269033778088017e-01
9.700806921172412389e-01
9.514492050396489153e-01
9.576002227474548212e-01
9.785305438001549172e-01
9.640293107172714926e-01
9.747552907791983134e-01
9.792325044129138734e-01
9.783423579219105992e-01
9.794114628048500304e-01
9.761988794238782852e-01
9.870293753024165229e-01
9.751481710151279625e-01
9.621676578130873292e-01
9.689425561800024678e-01
9.524552441764273514e-01
9.626927666644836679e-01
9.648972545255191102e-01
9.708273765330990290e-01
9.715466047872791666e-01
9.678828157259237175e-01
9.292938068458312939e-01
9.611630959222251525e-01
9.639120754847716466e-01
9.723287526641372081e-01
9.799692546688602013e-01
9.819938685101444742e-01
9.688311456930287502e-01
9.730721802258097686e-01
9.738970553274658437e-01
9.600720766706645204e-01
9.636342899049353816e-01
9.788303393216778447e-01
9.685302937811244295e-01
9.523265768419520994e-01
9.511814274928168667e-01
9.769519439954481577e-01
9.644291784943628265e-01
9.743765709230233218e-01
9.590463124929596850e-01
9.738060946097331083e-01
9.537617085385067250e-01
9.749819271455708591e-01
9.689253169889954220e-01
9.571101406373853093e-01
9.766414788169002215e-01
9.654278192057454966e-01
9.719108914215228712e-01
9.512399904114181570e-01
9.833180506990271130e-01
9.573489751024510941e-01
9.891540979705873982e-01
9.645393889135188692e-01
9.799927495530347255e-01
9.573797842153211057e-01
9.819061908451802712e-01
9.678611336547704447e-01
9.752625988961103332e-01
9.798107519707467405e-01
9.753570368256176959e-01
9.774954223588093738e-01
9.673822884509633013e-01
9.654164838298820994e-01
9.715549495849972184e-01
9.615530518069157484e-01
9.778167451120151066e-01
9.748668051367339604e-01
9.623837158138384140e-01
9.664737207682114750e-01
9.867603408526135489e-01
9.718906442163586235e-01
9.715389119912072324e-01
9.747327740711078103e-01
9.838912756879808486e-01
9.715480155825706454e-01
9.726243733121877622e-01
9.665210453846074801e-01
9.741650687308910372e-01
9.675490010575319433e-01
9.690560980742116692e-01
9.792245006703931276e-01
9.576748376490942238e-01
9.759740745233388415e-01
9.634755502448081321e-01
9.681542039450822257e-01
9.664929485176244617e-01
9.644760001043424236e-01
9.676663604426506415e-01
9.644260155904792464e-01
9.735179166601521938e-01
9.609316686577286104e-01
9.721649778388182783e-01
9.874846095537765933e-01
9.649861311099598993e-01
9.640841896241899578e-01
9.730699345950908352e-01
9.831127378029221875e-01
9.745476262658674393e-01
9.647155131803800687e-01
9.800036409516572622e-01
9.539902240007840373e-01
9.779399139166367050e-01
9.771281379415786006e-01
9.813909427404711172e-01
9.781698470171126258e-01
9.657923014744002055e-01
9.712194845823705069e-01
9.696430110102861599e-01
9.677086894190223276e-01
9.737840162478696993e-01
9.809854376359794514e-01
9.732779114556237010e-01
9.759470115335774354e-01
9.683425456072527471e-01
9.707158828660124028e-01
9.630339544644065386e-01
9.725748311918799294e-01
9.719303115528258319e-01
9.733078541053489241e-01
9.735512783369558720e-01
9.753943445982109495e-01
9.587029105294231357e-01
9.658118276724427798e-01
9.748703063243358002e-01
9.459052665449431130e-01
9.801559570346841666e-01
9.696834876471591702e-01
9.805992266635416010e-01
9.865018380540623300e-01
9.714490019390196185e-01
9.794960314185209294e-01
9.675078803113551507e-01
9.774158901819820500e-01
9.805365764387159455e-01
9.851913173863839912e-01
9.705413398771304267e-01
9.730953512212748846e-01
9.640086345988915228e-01
9.300559743542291535e-01
9.687825548827326827e-01
9.642841156732021579e-01
9.722759334312960355e-01
9.793691338935988089e-01
9.590691868391191255e-01
9.587303722701799868e-01
9.690470753536863935e-01
9.634325304210513696e-01
9.778296742043404155e-01
9.716568895790970162e-01
9.690165571572670888e-01
9.641506309845125910e-01
9.746436399016445984e-01
9.693634179747392388e-01
9.697676896245417399e-01
9.490874410996336108e-01
9.786789795998261932e-01
9.770898240116445699e-01
9.619342929385873431e-01
9.713794374641734342e-01
9.480185866792961713e-01
9.553358175973810651e-01
9.316278848520442857e-01
9.766689240410523221e-01
9.670907524995936422e-01
9.739335335413807915e-01
9.815849167710489764e-01
9.695630520255342777e-01
9.861841398111343970e-01
9.765275556204641161e-01
9.701569261320783788e-01
9.502264251122803929e-01
9.761467151312854806e-01
9.654893310879079094e-01
9.648321535509682967e-01
9.744531481651514948e-01
9.841728373604522462e-01
9.650152687947495256e-01
9.393779157756955156e-01
9.710289135618351830e-01
9.847317246922711043e-01
9.679542240686651589e-01
9.778205725747993737e-01
9.690066071124026070e-01
9.770571902692588573e-01
9.636317477232571038e-01
9.859804653708251765e-01
9.708422229696568317e-01
9.764217198304347978e-01
9.671812450442531794e-01
9.668688114326942085e-01
9.702162444892441506e-01
9.670584616710171666e-01
9.776650121904647550e-01
9.737567260620134668e-01
9.743305202378466090e-01
9.739580730028860600e-01
9.726177123641646105e-01
9.780058461039501383e-01
9.628345646332227004e-01
9.738865626047120694e-01
9.671850147040961243e-01
9.638797906917457858e-01
9.710659881971892560e-01
9.539339389472960562e-01
9.870352194604912199e-01
9.541674842483161001e-01
9.741168619902630388e-01
9.796032436711124003e-01
9.689118924885764539e-01
9.685499730089310866e-01
9.652070454160072144e-01
9.730221013903125327e-01
9.781610283944652817e-01
9.709104152566648827e-01
9.833801102805463934e-01
9.624092523207713468e-01
9.725718255246592614e-01
9.803209357766747845e-01
9.792071008354402695e-01
9.617674154150447352e-01
9.713611241994873913e-01
9.714542118482287769e-01
9.754155684439312912e-01
9.765789676229099658e-01
9.860680189132979834e-01
9.836128648479659509e-01
9.602667260023833862e-01
9.669340068918006459e-01
9.764706796798857669e-01
9.743799831232572428e-01
9.723537246303496362e-01
9.636690555693424587e-01
9.726158511111122618e-01
9.706266028875644158e-01
9.724059756579847003e-01
9.708975340824409495e-01
9.734710916260098656e-01
9.444094555711738392e-01
9.650231400349992272e-01
9.813160905705804460e-01
9.691311834893656663e-01
9.625925760887593663e-01
9.788877065372351138e-01
9.713275490394629452e-01
9.542731893515693509e-01
9.837620040214962724e-01
9.771249120193918891e-01
9.808206068795963795e-01
9.727138331833534712e-01
9.722761746884948098e-01
9.742149796128379835e-01
9.770410359640639975e-01
9.578823806585008427e-01
9.891381179664848755e-01
9.550002389104899070e-01
9.812399995585642243e-01
9.750574837245465920e-01
9.832996450967416147e-01
9.735940071297601861e-01
9.752509377953778591e-01
9.766440981572956925e-01
9.783842218378973055e-01
9.505454281624231561e-01
9.749263465809818729e-01
9.653438118289974224e-01
9.620424517909346163e-01
9.734623693246635678e-01
9.664427105329119749e-01
9.823005601877159432e-01
9.747959239431949197e-01
9.770291836088671467e-01
9.635453123063779657e-01
9.661899561637464773e-01
9.682945628454312503e-01
9.646033328956303832e-01
9.560059498830008051e-01
9.591853168028141585e-01
9.557709448612313752e-01
9.686571176792563298e-01
9.501551909968227738e-01
9.686642852455376040e-01
9.766735590749281437e-01
9.812418530821630513e-01
9.726264318100361628e-01
9.467007864842049703e-01
9.617925531973595676e-01
9.678540537444467740e-01
9.634776164620191263e-01
9.847590306620505052e-01
9.694284616685157063e-01
9.730135788260200203e-01
9.681952839219556406e-01
9.357904095626619068e-01
9.741776796294030483e-01
9.820114624132481040e-01
9.692348826423241581e-01
9.564862014616906105e-01
9.766120759171549315e-01
9.642223914510366090e-01
9.758904647093433748e-01
9.819049932115739843e-01
9.593598078692127107e-01
9.829431243920954131e-01
9.723870456533911799e-01
9.747245154873509509e-01
9.782614641536299116e-01
9.692016551022569759e-01
9.768465194048635558e-01
9.756537336744283140e-01
9.627408350459266684e-01
9.696248591593379373e-01
9.536171972194276147e-01
9.722187560606632140e-01
9.699604446509206834e-01
9.744536958823557526e-01
9.713688803320575937e-01
9.669470287857128143e-01
9.724480757171909406e-01
9.780716163627863891e-01
9.785618542892726701e-01
9.649067410682965473e-01
9.742726014868774431e-01
9.454299878314565975e-01
9.767627913304424148e-01
9.777999910312780152e-01
9.856085499420663698e-01
9.817004026515897541e-01
9.722834678761541616e-01
9.818916627590134061e-01
9.652899861715648067e-01
9.839401820794426712e-01
9.733656214759160985e-01
9.698600606710832128e-01
9.760460588676909133e-01
9.631801453245936173e-01
9.751340599404473286e-01
9.744646541000080431e-01
9.721252383357359417e-01
9.525872480055695979e-01
9.671227905047710127e-01
9.807962788990162162e-01
9.714720894451911448e-01
9.717011128954038401e-01
9.592347893149039129e-01
9.467669074954233599e-01
9.866706765752584207e-01
9.765211080391348331e-01
9.890660909582744686e-01
9.520766556558450944e-01
9.759940620384545129e-01
9.769760827781804879e-01
9.636741121321856784e-01
9.673802465317948851e-01
9.533609234392640408e-01
9.652397271971641102e-01
9.688732803839615881e-01
9.780517158509791642e-01
9.453098237809397508e-01
9.731044785675408981e-01
9.737997517178702545e-01
9.748412464427765878e-01
9.706750005577380325e-01
9.293010273816401101e-01
9.691605782788766943e-01
9.772289267544891356e-01
9.718275005254636278e-01
9.697091909355698425e-01
9.612867453474016610e-01
9.649728025649515484e-01
9.258243051340560026e-01
9.749572453032825381e-01
9.763117236215083095e-01
9.824261168644913278e-01
9.570378197330299264e-01
9.760210204486295948e-01
9.674734276869549898e-01
9.724072378539034833e-01
9.650624029850853880e-01
9.666845114150762752e-01
9.763507521447188919e-01
9.771776842537401864e-01
9.453567684764657697e-01
9.704101097125917841e-01
9.607722502799042053e-01
9.741825612362975395e-01
9.653299598416609228e-01
9.721977478388509342e-01
9.772333363036410647e-01
9.733326397993025125e-01
9.691830114240979066e-01
9.779258152240100088e-01
9.577811504068657333e-01
9.760843742791477373e-01
9.719713594829180181e-01
9.733531833060122818e-01
9.851927151691582951e-01
9.756449380022501616e-01
9.655953595344471951e-01
9.602492964339875980e-01
9.719195686255309719e-01
9.710937254355391790e-01
9.601989605115500703e-01
9.668096829640056011e-01
9.685219114122251005e-01
9.661530005393623721e-01
9.839094180051625171e-01
9.731975054405396230e-01
9.662741482458077069e-01
9.576450980259042511e-01
9.764277846497618762e-01
9.553639931092267057e-01
9.691172220681698590e-01
9.715450823301596817e-01
9.722000101335440680e-01
9.641824679485994087e-01
9.767798086577349492e-01
9.819574733421216894e-01
9.721093788228761801e-01
9.739220727731227045e-01
9.832240832709038258e-01
9.748543578083157524e-01
9.773829692959610238e-01
9.680446667791989812e-01
9.791755561534566388e-01
9.834072315255943941e-01
9.771283182777461551e-01
9.678691990704622050e-01
9.747224053177289127e-01
9.677266891363660584e-01
9.539428444055279011e-01
9.908674762134583869e-01
9.772595660719904931e-01
9.619843787486034303e-01
9.799229981316305294e-01
9.741710956693709900e-01
9.625087550184504570e-01
9.799011974666613778e-01
9.446834127544742055e-01
9.637255971741461869e-01
9.784768424657201979e-01
9.653916255873293828e-01
9.871309112209682990e-01
9.696072708659224659e-01
9.579239901857496964e-01
9.752348694105286153e-01
9.466083071216825351e-01
9.803520957068181385e-01
9.736152165097968769e-01
9.777088537450749905e-01
9.766817372953232601e-01
9.878526525625418442e-01
9.788514856851191492e-01
9.730459686045676015e-01
9.706195469421720068e-01
9.695948581423173840e-01
9.695462334102845636e-01
9.624526522887840718e-01
9.685016961805602564e-01
9.780021586595878391e-01
9.701233481676312387e-01
9.715975120131840059e-01
9.622138473887006382e-01
9.859772374899600234e-01
9.740752540664360248e-01
9.729435236809287346e-01
9.767786079143471190e-01
9.821274247218152453e-01
9.682494164870064646e-01
9.696649609843257522e-01
9.768065421798440839e-01
9.688228120315788283e-01
9.788713564632948172e-01
9.677607541899760912e-01
9.771437576342281162e-01
9.730620286087298121e-01
9.810291980267282774e-01
9.606279876116081695e-01
9.664777165746234466e-01
9.647421325746197152e-01
9.736810808574594134e-01
9.802316817133230886e-01
9.714947863078440271e-01
9.749404475934514425e-01
9.828425956954915943e-01
9.770002347012959332e-01
9.882820259450693090e-01
9.754610788380161379e-01
9.763343376149253849e-01
9.657384918530758089e-01
9.783533880105992342e-01
9.608917283458469072e-01
9.826642502394484779e-01
9.701803122599589324e-01
9.419193805969104938e-01
9.743873721833360424e-01
9.694034714643445794e-01
9.695774540766401994e-01
9.743582636188271584e-01
9.688228538303778059e-01
9.604132989255346198e-01
9.544060605090067817e-01
9.686594904898275793e-01
9.699751274929419020e-01
9.693076038243353398e-01
9.660708206237613727e-01
9.798329822388860411e-01
9.835504860437602748e-01
9.660680222760681390e-01
9.748050309139711933e-01
9.779207692283587994e-01
9.814770761536422139e-01
9.823122134911493886e-01
9.598559483580606511e-01
9.923494974795948886e-01
9.712454900311343620e-01
9.785549532770663195e-01
9.764274436976725369e-01
9.716474038099073285e-01
9.762690845289545560e-01
9.805033903150616181e-01
9.832175776599443306e-01
9.813190998298544354e-01
9.730257727763994557e-01
9.681201079098813445e-01
9.761687474644329399e-01
9.917022274398727966e-01
9.753274578920827498e-01
9.700466857833460743e-01
9.581706684651039030e-01
9.720582435840539048e-01
9.376928045233602349e-01
9.659178916587854991e-01
9.766545234014568644e-01
9.709379432860151260e-01
9.768960622436194674e-01
9.767784392265956850e-01
9.869576296153543815e-01
9.744800499243726488e-01
9.723563398606359653e-01
9.782279470315038417e-01
9.681207366499419154e-01
9.674249317521247393e-01
9.704020726836191102e-01
9.558463713923676108e-01
9.501025621241481200e-01
9.787573588100657584e-01
9.712882591672066246e-01
9.817566173589953316e-01
9.802870159119434490e-01
9.867263881958011629e-01
9.727563497137624582e-01
9.774002351760553431e-01
9.631355043435411156e-01
9.807557001561362231e-01
9.710278672580705539e-01
9.582036435488759940e-01
9.662175792511524808e-01
9.799798897578511081e-01
9.780196586464167119e-01
9.490109855657317128e-01
9.741601271998472367e-01
9.680199936255308168e-01
9.374360937584005349e-01
9.775071720879684456e-01
9.592305524744560996e-01
9.625581831491490936e-01
9.918969298245613464e-01
9.753274876385562564e-01
9.750358089087417524e-01
9.792009169636662902e-01
9.777149492088396121e-01
9.718211415521290641e-01
9.733668812009497184e-01
9.697164755957760063e-01
9.766170889116538856e-01
9.660783996175900112e-01
9.729389114536802774e-01
9.760487191569728882e-01
9.579005368760749040e-01
9.737870838367855830e-01
9.673482530153114656e-01
9.712663156363244843e-01
9.708323962613635283e-01
9.722809498060326350e-01
9.756325144797194371e-01
9.781410059266479884e-01
9.731828682069217917e-01
9.733026911859319341e-01
9.801841999332613353e-01
9.641614176426578364e-01
9.610555917594290065e-01
9.814878777820458255e-01
9.607860490246409313e-01
9.566324844735679678e-01
9.792588089240852334e-01
9.756408986748040801e-01
9.838216568398864270e-01
9.792630605990738646e-01
9.692196431042832128e-01
9.807938321089856304e-01
9.778322823763349048e-01
9.696414377943979312e-01
9.770506388924942165e-01
9.700966635616957712e-01
9.597187417450360192e-01
9.820058523171414366e-01
9.617368057178260488e-01
9.680886328988987932e-01
9.715679295741052046e-01
9.646914544828568694e-01
9.555171428515980558e-01
9.744521439170056309e-01
9.660478966444694393e-01
9.755402837380801051e-01
9.806357761942142703e-01
9.602899687472319368e-01
9.794633301955880667e-01
9.704637147638548456e-01
9.662338676112984803e-01
9.751579653223744204e-01
9.496227929038003612e-01
9.616409131821977985e-01
9.771835688655541308e-01
9.718301186979181328e-01
9.740967030432312601e-01
9.744825362926428092e-01
9.633732198625544196e-01
9.744348134233584702e-01
9.752727626233160807e-01
9.830622765624137394e-01
9.710162012478001925e-01
9.694599323396472235e-01
9.627657469667675327e-01
9.616656391678278792e-01
9.680904464736822534e-01
9.787260971177987878e-01
9.687309500269835061e-01
9.634816533777605940e-01
9.859451730803804326e-01
9.714545159593879209e-01
9.632043904604222773e-01
9.601776176095361270e-01
9.743425461830899081e-01
9.612202630141504223e-01
9.711992506853501794e-01
9.788588942332980825e-01
9.818757307623436903e-01
9.770535973313423384e-01
9.765244869725847598e-01
9.626968728796369001e-01
9.772702531508661306e-01
9.715480593004064414e-01
9.661265578552180600e-01
9.612641348043607925e-01
9.710410064377124062e-01
9.808566898106412246e-01
9.624854920503445044e-01
9.747710868194925382e-01
9.661560783663238894e-01
9.691097143138035497e-01
9.761384041847502857e-01
9.568614293773264334e-01
9.521873783947736314e-01
9.708109910827339428e-01
9.818466614217292721e-01
9.613038190353194734e-01
9.722734713696750131e-01
9.665918104968490576e-01
9.720053543767500637e-01
9.731136407917266862e-01
9.818332102397541172e-01
9.766731559028259957e-01
9.548504501118676435e-01
9.736304510166550186e-01
9.637080491565327423e-01
9.745909237436647388e-01
9.747778909159422467e-01
9.659945133837151143e-01
9.621599803024546427e-01
9.685411055127327584e-01
9.877478479705873449e-01
9.665133072442266826e-01
9.405892509658696499e-01
9.766178977568285013e-01
9.689858694003559147e-01
9.778435455364606899e-01
9.619238998293750953e-01
9.627656469559007224e-01
9.762761574806616549e-01
9.650676674959804968e-01
9.793512797109971135e-01
9.587675434721864010e-01
9.770738583631396468e-01
9.722701247878414721e-01
9.673629650552119097e-01
9.828404120878020400e-01
9.580459437765472819e-01
9.775201850760228961e-01
9.800085565596583503e-01
9.774683995098923939e-01
9.758509286827208307e-01
9.606007118300706749e-01
9.686418757361729970e-01
9.780863133123370856e-01
9.706791562449382793e-01
9.800484648678206012e-01
9.735705076382598078e-01
9.548049290950603174e-01
9.649184137017388085e-01
9.703093317073386848e-01
9.685797799656048479e-01
9.657192702706151044e-01
9.793665973814100756e-01
9.770843891829413819e-01
9.802750725356154105e-01
9.709470577404211156e-01
9.810707816513758450e-01
9.813949687217647933e-01
9.849859864514366459e-01
9.775646925120436981e-01
9.695600906325793078e-01
9.522375989696970633e-01
9.373321131344312107e-01
9.643310495142349836e-01
9.775174924809293397e-01
9.705390258707957685e-01
9.712670674763607126e-01
9.788978294353680720e-01
9.592091237604292164e-01
9.756013874285804910e-01
9.594664419848215609e-01
9.691434036658717055e-01
9.697540631628539520e-01
9.711071647534120777e-01
9.880091623476857654e-01
9.638169689279519892e-01
9.851550048610224763e-01
9.717547039644387485e-01
9.806364039340228489e-01
9.788241804574231431e-01
9.616145263700539569e-01
9.835153151895843493e-01
9.797286327009145923e-01
9.783507216155630237e-01
9.722238888810226243e-01
9.799410657093340360e-01
9.659450186110212222e-01
9.769148559599533099e-01
9.765840593879303588e-01
9.694670811672067012e-01
9.461076959498155858e-01
9.797896313567775461e-01
9.770587573624127664e-01
9.760255985907030363e-01
9.737813746695823669e-01
9.660649175575138914e-01
9.755121860791792221e-01
9.642133214341088721e-01
9.691266755439646996e-01
9.821645985057950723e-01
9.659560651090709493e-01
9.582606578965544575e-01
9.789895540812337815e-01
9.641051661227612035e-01
9.332673044513561944e-01
9.728989786248000149e-01
9.698225545012340021e-01
9.800831811925267978e-01
9.685577442046301444e-01
9.697457634028708862e-01
9.538667477695346175e-01
9.519951276953168007e-01
9.796860153961305384e-01
